50

0 81 85 3 17 100 78 49 13 70 59 81 29 57 67 87 28 22 29 20 68 53 100 25 93 100 29 6 78 32 11 10 91 40 83 49 1 68 99 88 1 28 92 19 42 87 73 72 41 67
81 0 74 96 15 81 55 3 9 73 10 81 97 78 13 64 45 70 2 69 31 68 27 21 94 37 32 77 87 68 25 74 85 89 46 69 85 78 72 9 21 68 79 37 51 61 60 22 48 57
85 74 0 68 86 39 77 16 41 26 20 61 63 3 78 71 15 37 40 100 2 82 18 73 12 66 34 91 8 60 48 31 65 77 74 79 26 70 91 42 88 9 25 84 39 65 52 48 95 89
3 96 68 0 76 34 25 89 96 49 46 39 88 28 43 47 5 55 92 89 4 34 20 38 1 93 82 41 95 41 33 90 32 92 43 72 59 37 69 47 82 21 95 89 96 28 9 80 32 44
17 15 86 76 0 96 34 59 60 80 31 12 66 29 74 9 38 11 39 85 31 64 61 65 13 72 53 8 70 87 35 69 27 60 34 45 33 85 77 56 72 63 32 9 47 3 81 39 65 95
100 81 39 34 96 0 11 18 46 48 43 2 63 78 85 62 52 9 39 24 46 87 54 44 30 26 95 11 28 70 96 76 69 1 71 51 58 23 98 73 83 70 20 20 67 68 82 59 38 88
78 55 77 25 34 11 0 54 40 94 91 39 52 67 53 30 28 81 44 19 43 94 4 61 70 92 75 79 47 18 76 86 78 60 82 10 79 51 91 3 89 48 36 7 90 4 41 49 9 26
49 3 16 89 59 18 54 0 17 46 36 7 91 27 98 59 71 74 92 89 26 22 88 99 48 82 75 46 16 72 47 20 94 71 38 12 32 78 67 48 31 88 80 80 15 67 28 58 59 93
13 9 41 96 60 46 40 17 0 81 29 17 67 27 79 11 64 99 29 38 42 37 20 34 89 24 10 16 36 21 22 4 33 73 63 90 35 12 18 63 8 26 48 17 7 98 91 6 72 18
70 73 26 49 80 48 94 46 81 0 81 90 64 46 34 35 30 52 52 18 89 70 37 38 69 91 36 61 89 64 49 88 40 69 66 17 42 17 36 66 71 66 73 11 23 4 86 72 78 76
59 10 20 46 31 43 91 36 29 81 0 6 91 56 12 39 73 93 31 56 2 39 51 99 33 74 64 92 47 62 79 56 18 73 37 91 56 3 3 4 54 23 79 97 51 27 35 55 21 62
81 81 61 39 12 2 39 7 17 90 6 0 79 38 41 41 61 77 36 86 46 100 35 44 36 62 66 49 31 23 12 21 14 6 56 9 21 41 83 37 66 9 53 71 95 93 88 9 80 85
29 97 63 88 66 63 52 91 67 64 91 79 0 58 8 20 12 63 28 89 6 29 39 21 8 59 95 47 53 9 84 89 49 27 67 32 11 85 71 51 43 75 34 50 37 92 78 4 28 50
57 78 3 28 29 78 67 27 27 46 56 38 58 0 61 57 21 60 69 25 48 20 60 88 89 98 23 48 26 73 73 4 2 33 41 38 60 30 89 49 63 8 89 44 67 24 22 88 21 29
67 13 78 43 74 85 53 98 79 34 12 41 8 61 0 38 71 79 12 84 40 62 96 71 92 76 95 64 57 27 98 82 33 48 61 60 11 41 85 54 31 94 85 8 25 69 99 88 32 51
87 64 71 47 9 62 30 59 11 35 39 41 20 57 38 0 12 71 53 91 50 22 8 14 70 38 96 42 50 96 98 64 42 70 82 99 65 31 100 10 65 11 20 61 77 37 32 43 97 6
28 45 15 5 38 52 28 71 64 30 73 61 12 21 71 12 0 100 6 79 72 75 75 48 71 88 46 66 39 72 97 83 34 19 43 52 48 16 3 67 58 53 12 21 95 65 9 21 76 5
22 70 37 55 11 9 81 74 99 52 93 77 63 60 79 71 100 0 80 86 24 36 71 12 92 32 68 93 44 30 90 69 77 40 44 12 52 10 22 32 26 61 29 81 27 24 64 32 53 11
29 2 40 92 39 39 44 92 29 52 31 36 28 69 12 53 6 80 0 9 63 74 2 61 75 36 63 13 82 56 72 41 67 98 31 11 68 28 47 42 61 94 31 28 90 61 47 99 28 39
20 69 100 89 85 24 19 89 38 18 56 86 89 25 84 91 79 86 9 0 41 80 72 87 72 68 6 46 73 97 4 40 63 42 25 75 1 86 62 22 10 78 1 67 75 45 5 53 20 18
68 31 2 4 31 46 43 26 42 89 2 46 6 48 40 50 72 24 63 41 0 69 39 57 30 16 98 2 94 37 19 43 79 11 36 99 12 27 38 9 81 2 98 22 78 16 91 14 4 77
53 68 82 34 64 87 94 22 37 70 39 100 29 20 62 22 75 36 74 80 69 0 78 52 58 6 63 38 58 13 50 51 61 58 5 19 65 86 80 90 56 96 92 26 65 20 94 52 7 62
100 27 18 20 61 54 4 88 20 37 51 35 39 60 96 8 75 71 2 72 39 78 0 47 89 70 64 73 56 73 100 84 38 72 17 81 42 20 55 8 37 21 100 95 62 61 22 28 59 43
25 21 73 38 65 44 61 99 34 38 99 44 21 88 71 14 48 12 61 87 57 52 47 0 85 16 80 23 72 64 66 22 52 57 88 76 79 68 78 27 68 56 75 42 36 47 84 5 80 40
93 94 12 1 13 30 70 48 89 69 33 36 8 89 92 70 71 92 75 72 30 58 89 85 0 31 17 66 83 54 43 75 37 15 33 50 74 47 22 82 59 21 87 32 89 37 67 29 75 42
100 37 66 93 72 26 92 82 24 91 74 62 59 98 76 38 88 32 36 68 16 6 70 16 31 0 25 89 9 49 62 50 80 85 77 27 25 10 85 68 29 69 34 75 15 51 92 95 13 54
29 32 34 82 53 95 75 75 10 36 64 66 95 23 95 96 46 68 63 6 98 63 64 80 17 25 0 19 71 4 19 95 58 90 93 94 98 98 28 30 71 26 49 50 42 8 61 44 14 99
6 77 91 41 8 11 79 46 16 61 92 49 47 48 64 42 66 93 13 46 2 38 73 23 66 89 19 0 38 22 44 94 66 34 33 88 75 3 71 46 1 25 92 82 79 33 35 25 80 83
78 87 8 95 70 28 47 16 36 89 47 31 53 26 57 50 39 44 82 73 94 58 56 72 83 9 71 38 0 98 77 25 45 73 42 48 39 22 85 50 67 8 39 11 52 52 46 2 49 89
32 68 60 41 87 70 18 72 21 64 62 23 9 73 27 96 72 30 56 97 37 13 73 64 54 49 4 22 98 0 76 40 62 81 25 22 3 30 24 45 64 14 87 70 73 78 28 25 100 55
11 25 48 33 35 96 76 47 22 49 79 12 84 73 98 98 97 90 72 4 19 50 100 66 43 62 19 44 77 76 0 58 44 77 40 34 40 98 74 23 91 2 2 33 75 58 37 60 92 48
10 74 31 90 69 76 86 20 4 88 56 21 89 4 82 64 83 69 41 40 43 51 84 22 75 50 95 94 25 40 58 0 60 82 50 5 37 28 28 22 97 66 78 82 69 1 60 22 26 38
91 85 65 32 27 69 78 94 33 40 18 14 49 2 33 42 34 77 67 63 79 61 38 52 37 80 58 66 45 62 44 60 0 62 43 82 69 8 54 36 93 38 89 42 46 89 65 6 12 38
40 89 77 92 60 1 60 71 73 69 73 6 27 33 48 70 19 40 98 42 11 58 72 57 15 85 90 34 73 81 77 82 62 0 28 58 21 15 31 75 34 65 91 77 83 74 83 15 4 5
83 46 74 43 34 71 82 38 63 66 37 56 67 41 61 82 43 44 31 25 36 5 17 88 33 77 93 33 42 25 40 50 43 28 0 12 92 14 28 80 97 23 44 22 76 55 37 69 77 41
49 69 79 72 45 51 10 12 90 17 91 9 32 38 60 99 52 12 11 75 99 19 81 76 50 27 94 88 48 22 34 5 82 58 12 0 37 92 62 33 71 88 85 44 25 50 78 97 97 76
1 85 26 59 33 58 79 32 35 42 56 21 11 60 11 65 48 52 68 1 12 65 42 79 74 25 98 75 39 3 40 37 69 21 92 37 0 73 56 75 49 97 75 10 67 10 37 76 49 53
68 78 70 37 85 23 51 78 12 17 3 41 85 30 41 31 16 10 28 86 27 86 20 68 47 10 98 3 22 30 98 28 8 15 14 92 73 0 97 59 37 79 9 9 61 25 42 98 36 49
99 72 91 69 77 98 91 67 18 36 3 83 71 89 85 100 3 22 47 62 38 80 55 78 22 85 28 71 85 24 74 28 54 31 28 62 56 97 0 88 51 14 20 5 94 96 24 22 96 87
88 9 42 47 56 73 3 48 63 66 4 37 51 49 54 10 67 32 42 22 9 90 8 27 82 68 30 46 50 45 23 22 36 75 80 33 75 59 88 0 27 18 84 51 72 2 16 94 80 67
1 21 88 82 72 83 89 31 8 71 54 66 43 63 31 65 58 26 61 10 81 56 37 68 59 29 71 1 67 64 91 97 93 34 97 71 49 37 51 27 0 2 60 69 97 89 29 24 23 60
28 68 9 21 63 70 48 88 26 66 23 9 75 8 94 11 53 61 94 78 2 96 21 56 21 69 26 25 8 14 2 66 38 65 23 88 97 79 14 18 2 0 57 98 9 5 59 98 98 80
92 79 25 95 32 20 36 80 48 73 79 53 34 89 85 20 12 29 31 1 98 92 100 75 87 34 49 92 39 87 2 78 89 91 44 85 75 9 20 84 60 57 0 16 85 32 12 20 57 85
19 37 84 89 9 20 7 80 17 11 97 71 50 44 8 61 21 81 28 67 22 26 95 42 32 75 50 82 11 70 33 82 42 77 22 44 10 9 5 51 69 98 16 0 45 99 32 58 88 25
42 51 39 96 47 67 90 15 7 23 51 95 37 67 25 77 95 27 90 75 78 65 62 36 89 15 42 79 52 73 75 69 46 83 76 25 67 61 94 72 97 9 85 45 0 66 91 15 53 7
87 61 65 28 3 68 4 67 98 4 27 93 92 24 69 37 65 24 61 45 16 20 61 47 37 51 8 33 52 78 58 1 89 74 55 50 10 25 96 2 89 5 32 99 66 0 69 78 53 70
73 60 52 9 81 82 41 28 91 86 35 88 78 22 99 32 9 64 47 5 91 94 22 84 67 92 61 35 46 28 37 60 65 83 37 78 37 42 24 16 29 59 12 32 91 69 0 86 29 1
72 22 48 80 39 59 49 58 6 72 55 9 4 88 88 43 21 32 99 53 14 52 28 5 29 95 44 25 2 25 60 22 6 15 69 97 76 98 22 94 24 98 20 58 15 78 86 0 78 85
41 48 95 32 65 38 9 59 72 78 21 80 28 21 32 97 76 53 28 20 4 7 59 80 75 13 14 80 49 100 92 26 12 4 77 97 49 36 96 80 23 98 57 88 53 53 29 78 0 65
67 57 89 44 95 88 26 93 18 76 62 85 50 29 51 6 5 11 39 18 77 62 43 40 42 54 99 83 89 55 48 38 38 5 41 76 53 49 87 67 60 80 85 25 7 70 1 85 65 0

0 56 21 18 89 50 76 83 48 81 58 73 37 76 88 48 53 60 23 89 43 48 17 96 73 53 1 18 71 19 42 87 13 12 32 12 31 23 20 20 72 28 24 18 50 74 8 14 6 86
56 0 47 99 5 7 77 9 29 37 77 31 52 95 27 14 83 74 45 94 33 47 43 82 91 10 27 91 12 10 60 71 76 63 3 89 85 65 66 54 98 41 9 38 20 1 16 61 76 5
21 47 0 53 59 58 44 54 11 91 42 51 1 46 70 10 8 75 49 43 53 83 69 85 90 50 77 8 10 86 77 12 67 76 90 79 18 62 22 53 91 52 90 7 77 69 100 6 63 4
18 99 53 0 69 84 51 51 23 67 82 22 86 94 76 62 99 73 67 47 71 57 92 98 49 63 95 76 23 87 73 11 74 64 13 23 22 71 38 81 66 26 50 50 3 91 76 91 53 14
89 5 59 69 0 67 12 90 45 88 56 20 93 69 36 44 35 35 83 46 48 12 82 31 8 1 65 42 71 92 9 64 56 77 57 7 90 94 58 66 36 32 49 73 17 59 8 29 57 99
50 7 58 84 67 0 60 97 26 29 5 80 68 14 40 3 12 84 72 19 35 74 68 14 63 39 95 11 7 39 74 6 63 59 94 74 100 9 57 28 86 77 71 61 52 79 69 1 61 27
76 77 44 51 12 60 0 66 52 4 79 89 55 18 10 29 22 9 85 38 56 99 22 73 26 30 1 62 92 36 80 60 22 69 12 18 8 12 30 43 72 59 35 75 22 48 77 94 62 51
83 9 54 51 90 97 66 0 62 10 62 97 89 50 17 69 87 85 20 33 48 44 27 6 64 92 25 27 99 88 81 51 75 95 80 81 14 39 32 22 74 52 45 1 98 35 83 94 58 56
48 29 11 23 45 26 52 62 0 47 74 72 36 92 99 44 89 87 38 25 17 39 43 31 97 55 54 40 11 51 25 10 71 59 79 44 8 46 28 61 53 67 90 62 90 12 32 49 70 25
81 37 91 67 88 29 4 10 47 0 24 55 57 81 36 35 20 2 42 1 18 2 26 34 3 38 94 60 74 88 32 16 78 42 43 80 33 50 3 17 29 72 24 89 76 69 6 12 16 71
58 77 42 82 56 5 79 62 74 24 0 57 65 87 63 46 16 92 18 12 85 92 31 66 20 66 80 51 73 45 21 37 97 7 86 16 44 34 14 91 56 35 32 32 20 39 3 45 47 21
73 31 51 22 20 80 89 97 72 55 57 0 77 51 58 39 2 86 92 90 30 25 16 96 44 61 12 17 96 78 34 99 52 86 68 32 42 88 70 1 68 34 64 13 70 37 21 26 54 79
37 52 1 86 93 68 55 89 36 57 65 77 0 8 88 58 8 88 48 100 79 92 82 51 64 56 53 16 13 68 54 83 12 91 46 87 14 7 87 2 16 21 50 84 53 96 42 40 73 54
76 95 46 94 69 14 18 50 92 81 87 51 8 0 19 43 85 51 28 12 33 27 59 73 94 37 5 87 67 34 81 92 98 70 12 85 42 14 60 92 39 22 22 4 42 2 75 21 60 1
88 27 70 76 36 40 10 17 99 36 63 58 88 19 0 95 18 14 89 52 14 77 29 61 88 59 73 52 47 39 34 34 21 40 1 56 48 89 71 10 44 61 30 46 28 29 88 36 95 77
48 14 10 62 44 3 29 69 44 35 46 39 58 43 95 0 31 41 26 61 54 49 20 21 42 41 9 1 18 18 46 58 71 70 96 2 4 10 30 64 29 37 88 38 63 94 44 24 5 65
53 83 8 99 35 12 22 87 89 20 16 2 8 85 18 31 0 4 50 59 55 61 81 53 74 42 93 88 38 88 79 21 89 22 37 70 16 76 66 85 2 12 45 33 86 11 100 1 73 98
60 74 75 73 35 84 9 85 87 2 92 86 88 51 14 41 4 0 78 85 82 81 76 52 89 32 87 30 8 45 8 52 30 22 10 62 100 27 88 25 81 88 32 72 11 89 41 39 67 26
23 45 49 67 83 72 85 20 38 42 18 92 48 28 89 26 50 78 0 38 81 32 81 14 72 80 65 38 36 37 51 44 7 70 15 100 8 17 44 14 48 98 88 56 38 48 62 6 43 56
89 94 43 47 46 19 38 33 25 1 12 90 100 12 52 61 59 85 38 0 33 86 27 40 24 62 67 99 58 36 100 96 41 19 1 46 1 6 1 65 15 90 38 14 52 29 32 31 89 91
43 33 53 71 48 35 56 48 17 18 85 30 79 33 14 54 55 82 81 33 0 46 12 89 72 45 2 85 98 59 84 82 13 86 59 12 90 100 50 21 52 3 85 38 80 19 9 92 24 93
48 47 83 57 12 74 99 44 39 2 92 25 92 27 77 49 61 81 32 86 46 0 60 34 43 27 70 32 71 84 5 17 18 44 75 53 12 38 84 25 17 7 24 95 37 29 81 27 98 79
17 43 69 92 82 68 22 27 43 26 31 16 82 59 29 20 81 76 81 27 12 60 0 54 74 36 56 1 83 93 94 48 33 18 92 100 17 18 44 82 1 86 100 44 31 19 71 61 98 25
96 82 85 98 31 14 73 6 31 34 66 96 51 73 61 21 53 52 14 40 89 34 54 0 94 47 87 12 18 68 61 94 2 2 99 100 17 15 82 21 100 77 35 25 40 11 50 23 56 1
73 91 90 49 8 63 26 64 97 3 20 44 64 94 88 42 74 89 72 24 72 43 74 94 0 71 57 88 5 45 35 11 75 8 80 41 89 97 81 66 75 78 57 16 23 57 85 7 60 46
53 10 50 63 1 39 30 92 55 38 66 61 56 37 59 41 42 32 80 62 45 27 36 47 71 0 33 98 83 64 86 46 62 80 75 30 68 19 56 9 1 82 88 35 96 68 24 92 6 37
1 27 77 95 65 95 1 25 54 94 80 12 53 5 73 9 93 87 65 67 2 70 56 87 57 33 0 51 54 90 20 86 98 84 77 94 59 62 23 36 30 55 17 58 50 25 24 35 64 87
18 91 8 76 42 11 62 27 40 60 51 17 16 87 52 1 88 30 38 99 85 32 1 12 88 98 51 0 48 11 63 79 36 2 13 76 82 4 75 17 75 76 37 10 27 63 29 26 65 88
71 12 10 23 71 7 92 99 11 74 73 96 13 67 47 18 38 8 36 58 98 71 83 18 5 83 54 48 0 8 40 34 74 12 41 18 14 40 11 82 15 25 45 38 67 69 28 87 32 39
19 10 86 87 92 39 36 88 51 88 45 78 68 34 39 18 88 45 37 36 59 84 93 68 45 64 90 11 8 0 95 82 12 67 21 61 82 5 77 39 25 2 87 38 6 26 90 28 40 51
42 60 77 73 9 74 80 81 25 32 21 34 54 81 34 46 79 8 51 100 84 5 94 61 35 86 20 63 40 95 0 21 96 39 61 76 28 68 96 9 60 85 16 67 66 67 18 49 28 31
87 71 12 11 64 6 60 51 10 16 37 99 83 92 34 58 21 52 44 96 82 17 48 94 11 46 86 79 34 82 21 0 19 22 31 25 68 46 33 11 3 30 72 42 86 60 64 25 55 85
13 76 67 74 56 63 22 75 71 78 97 52 12 98 21 71 89 30 7 41 13 18 33 2 75 62 98 36 74 12 96 19 0 40 74 18 88 76 40 87 66 18 84 3 96 94 23 17 70 54
12 63 76 64 77 59 69 95 59 42 7 86 91 70 40 70 22 22 70 19 86 44 18 2 8 80 84 2 12 67 39 22 40 0 80 44 39 66 39 2 65 66 36 53 14 26 2 82 54 29
32 3 90 13 57 94 12 80 79 43 86 68 46 12 1 96 37 10 15 1 59 75 92 99 80 75 77 13 41 21 61 31 74 80 0 36 64 12 12 16 86 29 62 16 79 73 100 68 24 32
12 89 79 23 7 74 18 81 44 80 16 32 87 85 56 2 70 62 100 46 12 53 100 100 41 30 94 76 18 61 76 25 18 44 36 0 45 60 72 13 12 43 30 27 15 9 82 75 32 88
31 85 18 22 90 100 8 14 8 33 44 42 14 42 48 4 16 100 8 1 90 12 17 17 89 68 59 82 14 82 28 68 88 39 64 45 0 74 57 10 64 53 34 29 27 24 70 44 4 81
23 65 62 71 94 9 12 39 46 50 34 88 7 14 89 10 76 27 17 6 100 38 18 15 97 19 62 4 40 5 68 46 76 66 12 60 74 0 22 43 6 39 7 77 100 33 5 27 37 40
20 66 22 38 58 57 30 32 28 3 14 70 87 60 71 30 66 88 44 1 50 84 44 82 81 56 23 75 11 77 96 33 40 39 12 72 57 22 0 83 56 70 80 30 72 82 50 7 12 81
20 54 53 81 66 28 43 22 61 17 91 1 2 92 10 64 85 25 14 65 21 25 82 21 66 9 36 17 82 39 9 11 87 2 16 13 10 43 83 0 25 13 97 89 87 84 71 17 6 99
72 98 91 66 36 86 72 74 53 29 56 68 16 39 44 29 2 81 48 15 52 17 1 100 75 1 30 75 15 25 60 3 66 65 86 12 64 6 56 25 0 45 63 9 48 74 83 12 52 83
28 41 52 26 32 77 59 52 67 72 35 34 21 22 61 37 12 88 98 90 3 7 86 77 78 82 55 76 25 2 85 30 18 66 29 43 53 39 70 13 45 0 65 82 52 56 82 86 98 84
24 9 90 50 49 71 35 45 90 24 32 64 50 22 30 88 45 32 88 38 85 24 100 35 57 88 17 37 45 87 16 72 84 36 62 30 34 7 80 97 63 65 0 3 60 22 56 61 23 100
18 38 7 50 73 61 75 1 62 89 32 13 84 4 46 38 33 72 56 14 38 95 44 25 16 35 58 10 38 38 67 42 3 53 16 27 29 77 30 89 9 82 3 0 63 25 13 14 38 21
50 20 77 3 17 52 22 98 90 76 20 70 53 42 28 63 86 11 38 52 80 37 31 40 23 96 50 27 67 6 66 86 96 14 79 15 27 100 72 87 48 52 60 63 0 34 97 71 2 31
74 1 69 91 59 79 48 35 12 69 39 37 96 2 29 94 11 89 48 29 19 29 19 11 57 68 25 63 69 26 67 60 94 26 73 9 24 33 82 84 74 56 22 25 34 0 60 35 44 33
8 16 100 76 8 69 77 83 32 6 3 21 42 75 88 44 100 41 62 32 9 81 71 50 85 24 24 29 28 90 18 64 23 2 100 82 70 5 50 71 83 82 56 13 97 60 0 31 57 6
14 61 6 91 29 1 94 94 49 12 45 26 40 21 36 24 1 39 6 31 92 27 61 23 7 92 35 26 87 28 49 25 17 82 68 75 44 27 7 17 12 86 61 14 71 35 31 0 24 84
6 76 63 53 57 61 62 58 70 16 47 54 73 60 95 5 73 67 43 89 24 98 98 56 60 6 64 65 32 40 28 55 70 54 24 32 4 37 12 6 52 98 23 38 2 44 57 24 0 100
86 5 4 14 99 27 51 56 25 71 21 79 54 1 77 65 98 26 56 91 93 79 25 1 46 37 87 88 39 51 31 85 54 29 32 88 81 40 81 99 83 84 100 21 31 33 6 84 100 0

871 938
686 895
703 234
704 429
508 498
476 183
337 928
558 726
703 186
439 464
643 179
435 554
325 457
895 803
415 248
392 475
723 654
865 358
144 130
999 369
809 453
802 118
794 194
698 569
158 607
670 320
687 395
656 983
241 220
787 450
679 944
123 778
807 663
538 458
574 115
980 496
141 561
501 933
615 885
315 368
663 792
250 295
648 775
321 328
432 177
633 684
835 900
740 877
567 302
565 576

596 417