100

0 10 71 98 59 26 42 13 94 86 62 56 95 60 36 56 66 52 54 10 47 63 7 63 5 14 56 67 57 2 40 57 51 62 35 5 41 92 53 73 89 78 62 88 67 53 22 62 52 73 33 35 97 66 79 39 22 85 65 12 29 52 85 42 51 17 85 56 85 71 58 95 87 14 54 7 47 60 69 57 38 68 82 53 98 36 8 4 76 83 79 2 85 8 63 23 9 88 95 75
10 0 74 35 49 72 35 90 45 89 5 14 6 50 11 95 44 5 18 26 19 54 1 9 32 61 1 9 55 11 14 2 23 26 56 74 98 19 100 23 45 15 40 3 96 16 95 37 6 24 60 46 7 55 52 95 49 21 37 85 1 90 4 44 30 21 44 11 16 83 7 34 7 73 53 16 49 23 88 35 69 49 39 73 27 42 31 12 98 53 24 86 81 16 8 23 55 59 36 33
71 74 0 29 11 44 13 70 29 42 44 9 81 21 94 33 39 5 70 83 97 48 2 81 40 45 41 46 74 30 90 86 34 10 4 67 1 83 95 33 38 81 37 78 19 70 56 23 73 89 88 24 12 27 54 73 86 25 73 20 92 59 88 77 26 74 35 35 59 48 32 74 23 1 28 50 10 17 53 75 26 94 67 38 30 58 6 40 15 69 66 16 89 36 66 55 54 86 15 58
98 35 29 0 68 70 23 71 35 88 11 26 54 59 46 100 7 36 89 55 68 61 54 96 8 66 10 84 43 62 15 61 79 67 57 63 78 26 21 59 71 91 61 15 27 94 10 74 30 78 44 14 99 94 28 79 8 33 34 77 71 95 95 19 86 59 94 44 12 65 32 43 82 45 100 93 70 65 57 82 69 54 15 33 2 6 37 68 15 35 78 99 30 5 67 63 67 82 85 75
59 49 11 68 0 74 67 98 49 11 12 20 34 81 38 33 48 41 41 61 69 52 17 66 26 6 19 55 70 70 66 14 86 99 64 12 94 99 30 14 67 23 13 83 15 79 82 2 77 52 11 71 98 45 87 63 48 6 26 18 2 31 32 89 10 84 70 31 26 30 61 40 64 2 7 17 1 48 23 49 64 80 86 5 17 71 1 9 62 78 100 26 13 88 4 89 20 46 66 45
26 72 44 70 74 0 35 41 95 78 21 17 25 92 20 56 1 12 87 28 18 88 20 65 72 35 14 61 21 22 81 76 67 99 36 27 82 8 15 51 59 18 39 63 63 23 55 88 50 4 32 81 40 57 36 36 83 99 21 47 25 73 47 37 52 61 52 75 80 19 41 24 84 2 4 96 60 74 60 40 33 37 54 34 98 95 60 84 93 84 54 66 41 3 11 94 64 46 4 88
42 35 13 23 67 35 0 61 87 60 64 34 49 49 17 93 90 88 74 12 40 86 82 48 38 41 92 3 65 29 54 60 39 73 76 9 80 2 26 52 63 45 68 24 6 90 9 47 47 38 57 33 13 72 1 10 29 69 25 98 63 11 100 58 99 55 63 1 63 29 64 31 99 65 97 72 10 16 11 59 63 54 10 78 65 22 23 80 6 16 17 47 95 76 61 6 75 9 8 27
13 90 70 71 98 41 61 0 33 77 43 28 2 68 74 62 24 78 99 39 6 87 99 19 7 45 5 43 2 22 57 19 88 81 70 75 30 85 72 15 4 98 59 73 64 75 89 51 54 55 97 11 11 83 13 15 13 76 59 86 51 36 83 15 48 7 1 79 38 39 8 98 76 57 37 27 9 33 92 93 7 83 94 33 27 22 90 58 30 70 59 9 19 73 50 5 46 44 91 74
94 45 29 35 49 95 87 33 0 54 78 81 81 52 22 21 11 48 17 23 12 30 33 36 68 24 94 81 3 32 36 38 74 10 61 38 44 68 35 83 73 83 35 49 48 100 80 27 23 12 88 5 26 25 28 84 12 79 3 98 81 78 26 73 63 38 49 26 94 63 55 7 28 92 67 89 87 90 4 40 92 65 75 66 2 27 6 82 3 63 93 86 95 53 32 38 58 34 86 93
86 89 42 88 11 78 60 77 54 0 45 73 69 35 39 55 27 88 60 56 81 15 7 8 4 13 63 79 75 47 79 66 70 8 5 84 11 2 86 78 82 14 43 10 19 25 55 41 55 94 17 2 57 55 100 43 42 55 3 27 60 30 7 86 44 72 42 48 11 85 66 79 25 29 21 66 60 4 28 65 8 52 19 10 29 13 36 3 63 97 50 37 90 29 39 29 31 91 70 34
62 5 44 11 12 21 64 43 78 45 0 41 65 57 7 76 18 32 82 21 69 73 74 92 59 16 60 74 1 9 88 26 9 84 23 46 19 7 87 63 28 14 51 82 81 87 42 84 35 44 54 56 57 8 22 59 8 20 88 71 58 14 25 51 95 61 72 30 28 80 62 23 55 58 18 98 64 14 19 60 10 15 64 21 95 51 11 48 44 7 4 34 46 57 99 19 79 88 88 42
56 14 9 26 20 17 34 28 81 73 41 0 85 20 59 49 54 72 36 13 73 23 85 53 45 50 56 23 72 74 63 42 68 60 50 8 2 38 93 30 22 43 30 15 25 42 30 84 80 53 89 67 77 59 24 53 53 37 74 32 88 76 15 38 64 38 26 82 14 76 68 87 59 9 44 23 4 95 69 48 22 84 7 93 13 6 76 78 96 51 3 3 39 99 37 100 33 67 58 12
95 6 81 54 34 25 49 2 81 69 65 85 0 34 77 73 4 93 32 33 98 83 36 95 46 16 45 35 66 17 72 23 43 7 33 38 3 56 7 92 73 96 30 25 7 79 89 76 65 44 28 10 5 7 32 82 17 36 15 19 27 91 37 84 31 68 24 93 2 2 16 50 71 88 98 98 80 3 28 86 7 83 98 3 35 67 29 62 81 61 45 98 57 20 46 60 24 1 14 91
60 50 21 59 81 92 49 68 52 35 57 20 34 0 59 27 57 32 42 27 36 47 22 80 67 92 80 84 90 14 60 90 49 54 44 27 12 70 94 40 11 76 81 33 8 93 36 87 28 32 26 86 91 12 3 36 95 42 73 29 61 25 25 38 16 85 96 100 41 53 50 74 68 32 74 76 19 64 84 76 19 26 22 83 78 4 96 22 95 47 61 8 28 68 29 11 1 72 48 91
36 11 94 46 38 20 17 74 22 39 7 59 77 59 0 8 3 32 32 30 81 40 72 41 90 42 48 91 31 52 52 52 27 70 61 33 36 17 94 67 88 29 68 87 26 96 2 91 68 87 40 64 49 56 37 41 27 18 48 24 79 50 76 74 28 78 36 100 51 71 41 12 22 43 15 100 95 9 65 62 34 96 24 28 73 29 21 66 37 15 40 54 43 84 43 36 30 42 16 25
56 95 33 100 33 56 93 62 21 55 76 49 73 27 8 0 52 8 80 14 35 83 19 81 40 92 81 30 79 1 73 84 89 32 44 26 11 61 35 27 33 26 53 92 39 88 93 68 14 31 47 35 92 98 84 22 75 37 17 72 63 56 34 54 30 83 52 98 30 26 42 91 18 38 20 51 48 69 16 86 57 24 7 69 33 26 44 71 35 19 35 86 97 84 1 1 58 99 56 2
66 44 39 7 48 1 90 24 11 27 18 54 4 57 3 52 0 83 76 22 36 38 50 94 17 72 51 66 32 3 63 17 78 73 25 20 74 12 19 67 85 45 58 99 71 45 77 6 96 96 2 49 24 84 22 7 5 97 51 1 66 49 16 57 91 85 26 38 73 21 17 1 66 65 22 87 45 84 81 28 7 98 95 11 46 45 75 87 85 24 5 10 72 40 38 13 16 70 96 69
52 5 5 36 41 12 88 78 48 88 32 72 93 32 32 8 83 0 96 65 42 88 6 14 56 91 89 92 8 84 24 56 20 95 79 22 65 74 1 37 6 63 70 55 37 66 18 59 21 16 25 2 95 88 100 100 36 51 90 80 37 88 58 56 7 21 99 50 17 38 36 80 45 92 72 95 49 30 35 5 97 94 64 36 62 60 59 70 3 32 77 49 85 7 94 68 80 85 36 54
54 18 70 89 41 87 74 99 17 60 82 36 32 42 32 80 76 96 0 80 42 24 41 18 83 51 29 45 44 29 98 49 91 94 83 80 65 99 34 44 12 33 65 18 41 85 5 53 37 43 56 25 49 27 69 87 51 12 69 99 31 44 78 38 57 45 74 21 88 34 83 31 5 3 47 70 53 84 68 7 41 19 97 58 44 14 79 55 93 100 74 8 39 24 36 88 66 31 39 47
10 26 83 55 61 28 12 39 23 56 21 13 33 27 30 14 22 65 80 0 68 79 53 65 31 4 59 63 66 2 54 27 92 81 80 87 57 64 83 65 89 69 85 1 74 46 4 25 14 44 85 9 77 54 30 50 36 2 70 54 67 42 1 100 59 99 13 83 11 57 4 40 37 29 7 59 37 98 16 90 80 63 99 90 12 29 91 64 41 94 6 32 80 11 37 71 91 96 54 42
47 19 97 68 69 18 40 6 12 81 69 73 98 36 81 35 36 42 42 68 0 22 4 6 11 36 50 33 49 77 61 44 23 70 51 55 26 40 54 67 56 98 62 76 35 22 8 94 5 79 46 65 27 100 45 51 53 46 81 26 75 22 100 2 51 27 6 41 11 52 58 66 30 63 4 16 23 59 95 52 59 91 10 53 4 98 48 15 22 10 69 58 41 18 83 5 49 63 89 91
63 54 48 61 52 88 86 87 30 15 73 23 83 47 40 83 38 88 24 79 22 0 17 55 48 73 45 27 82 48 19 55 44 91 35 81 83 4 13 71 7 35 67 88 59 99 45 62 88 57 42 5 26 33 56 38 32 97 99 15 62 96 96 44 74 16 85 87 68 84 27 23 46 51 2 22 10 12 23 57 20 89 33 99 89 92 69 98 74 64 77 77 94 88 57 28 38 57 38 65
7 1 2 54 17 20 82 99 33 7 74 85 36 22 72 19 50 6 41 53 4 17 0 76 88 94 53 83 45 70 25 48 13 16 49 10 45 83 78 15 21 59 4 11 56 82 88 32 94 52 89 30 10 46 37 38 63 45 89 51 13 36 57 69 60 68 23 19 9 51 82 7 19 44 26 39 98 66 51 94 67 76 62 1 69 93 27 70 91 74 83 37 90 40 15 81 40 22 89 21
63 9 81 96 66 65 48 19 36 8 92 53 95 80 41 81 94 14 18 65 6 55 76 0 32 64 83 57 97 62 54 71 38 49 31 67 66 62 58 96 7 97 69 23 53 83 57 94 91 4 20 30 25 88 6 61 21 16 26 85 78 90 88 11 22 6 14 42 80 41 83 5 62 37 78 57 15 33 47 31 44 40 21 82 1 71 27 6 52 2 30 5 12 56 84 74 83 57 85 81
5 32 40 8 26 72 38 7 68 4 59 45 46 67 90 40 17 56 83 31 11 48 88 32 0 77 78 92 37 63 98 50 83 21 52 79 62 66 99 81 10 72 52 65 71 95 79 34 23 56 13 34 42 40 67 2 94 97 73 77 45 76 99 51 71 57 79 54 29 79 58 46 36 37 88 26 65 95 59 28 7 26 43 56 74 58 5 36 7 69 6 97 47 31 64 61 66 75 89 57
14 61 45 66 6 35 41 45 24 13 16 50 16 92 42 92 72 91 51 4 36 73 94 64 77 0 38 17 77 34 33 18 62 13 99 1 29 69 58 95 52 61 59 17 51 87 68 61 60 68 41 78 42 78 3 52 70 21 19 98 20 29 8 67 36 56 27 5 97 19 45 76 49 35 85 50 51 90 31 94 80 12 64 95 63 11 91 91 24 89 78 67 16 85 73 4 23 5 74 52
56 1 41 10 19 14 92 5 94 63 60 56 45 80 48 81 51 89 29 59 50 45 53 83 78 38 0 57 9 59 98 77 28 12 10 40 57 34 30 48 35 27 25 63 16 94 25 82 48 32 61 83 5 12 78 57 46 78 98 56 28 89 51 72 100 99 13 77 67 9 22 57 45 45 23 37 53 10 70 97 29 35 53 73 27 23 87 67 69 93 27 10 15 49 62 56 26 54 80 97
67 9 46 84 55 61 3 43 81 79 74 23 35 84 91 30 66 92 45 63 33 27 83 57 92 17 57 0 67 80 91 84 86 56 48 75 69 73 80 88 10 2 30 17 62 1 55 66 69 43 88 53 37 36 58 62 85 32 96 11 76 53 6 22 41 7 94 56 58 92 97 7 64 77 100 70 54 91 16 68 96 46 62 41 66 55 52 87 36 37 61 38 3 41 16 94 28 3 32 28
57 55 74 43 70 21 65 2 3 75 1 72 66 90 31 79 32 8 44 66 49 82 45 97 37 77 9 67 0 4 94 72 22 36 79 34 34 73 5 91 69 43 79 93 57 24 53 61 25 5 7 43 13 8 14 60 89 3 38 38 37 95 13 89 15 89 6 69 25 98 12 62 12 19 26 10 24 80 49 43 55 18 33 34 75 28 5 41 89 27 61 1 59 22 52 53 77 87 76 4
2 11 30 62 70 22 29 22 32 47 9 74 17 14 52 1 3 84 29 2 77 48 70 62 63 34 59 80 4 0 29 83 47 83 5 60 39 7 28 62 73 34 95 9 99 37 76 60 26 8 12 72 28 11 10 83 28 85 93 73 40 89 97 83 91 72 61 78 1 60 29 63 81 46 57 31 85 59 9 81 58 61 12 6 63 97 61 59 1 65 7 67 58 54 32 48 98 96 11 92
40 14 90 15 66 81 54 57 36 79 88 63 72 60 52 73 63 24 98 54 61 19 25 54 98 33 98 91 94 29 0 11 58 52 54 60 90 86 12 20 56 90 39 35 96 43 24 77 99 68 53 18 43 63 58 31 16 28 4 81 5 60 82 9 17 35 26 72 77 17 47 56 92 21 91 63 2 19 61 44 90 75 81 96 51 12 83 45 9 87 69 15 21 18 74 68 12 4 42 5
57 2 86 61 14 76 60 19 38 66 26 42 23 90 52 84 17 56 49 27 44 55 48 71 50 18 77 84 72 83 11 0 31 31 89 54 100 58 41 46 55 74 19 65 46 17 98 2 73 13 33 67 46 7 38 15 67 11 29 46 92 48 6 63 31 32 24 71 66 57 53 60 69 58 52 24 65 28 49 66 28 85 84 21 16 84 10 96 66 37 78 53 3 82 4 91 46 57 87 46
51 23 34 79 86 67 39 88 74 70 9 68 43 49 27 89 78 20 91 92 23 44 13 38 83 62 28 86 22 47 58 31 0 88 47 97 34 95 93 17 28 22 28 96 100 94 7 3 78 64 69 54 87 32 51 14 39 5 83 10 72 38 14 30 100 96 70 56 85 96 35 34 45 39 7 48 70 8 27 94 77 79 18 33 90 9 67 99 69 10 16 4 84 21 13 15 93 53 68 34
62 26 10 67 99 99 73 81 10 8 84 60 7 54 70 32 73 95 94 81 70 91 16 49 21 13 12 56 36 83 52 31 88 0 9 57 36 61 78 31 53 56 49 54 53 85 34 43 37 28 32 65 56 39 25 46 66 10 53 23 36 73 57 35 35 79 65 92 73 49 15 78 67 48 61 79 60 4 44 11 81 37 73 32 89 68 72 10 81 1 65 22 28 41 27 9 10 17 57 97
35 56 4 57 64 36 76 70 61 5 23 50 33 44 61 44 25 79 83 80 51 35 49 31 52 99 10 48 79 5 54 89 47 9 0 63 42 17 11 90 7 25 21 14 44 97 6 9 7 7 68 19 27 49 31 99 54 39 69 48 11 50 51 74 80 86 54 74 72 62 3 38 10 22 83 60 91 48 40 82 56 71 6 8 45 32 86 58 86 77 85 45 100 76 9 7 73 77 85 90
5 74 67 63 12 27 9 75 38 84 46 8 38 27 33 26 20 22 80 87 55 81 10 67 79 1 40 75 34 60 60 54 97 57 63 0 88 29 99 83 92 45 43 29 20 91 95 49 87 8 67 26 85 67 65 7 19 72 16 58 25 77 3 37 1 1 32 99 78 53 46 46 48 33 99 93 27 71 31 32 71 88 44 67 16 9 26 4 13 71 53 53 73 94 31 48 34 11 71 5
41 98 1 78 94 82 80 30 44 11 19 2 3 12 36 11 74 65 65 57 26 83 45 66 62 29 57 69 34 39 90 100 34 36 42 88 0 17 73 93 14 77 64 35 91 39 31 10 99 60 30 98 36 16 20 70 100 75 5 44 56 72 60 34 95 45 40 57 28 80 81 58 28 63 63 1 66 56 2 91 70 68 4 40 52 67 82 12 46 55 89 4 56 21 93 28 46 64 94 54
92 19 83 26 99 8 2 85 68 2 7 38 56 70 17 61 12 74 99 64 40 4 83 62 66 69 34 73 73 7 86 58 95 61 17 29 17 0 82 65 69 65 13 77 16 33 80 57 69 10 67 27 16 57 76 74 25 60 50 66 52 33 79 16 67 82 57 92 25 33 4 4 92 94 29 83 71 53 61 80 83 5 83 33 92 32 88 6 12 7 10 87 10 73 36 66 64 33 12 92
53 100 95 21 30 15 26 72 35 86 87 93 7 94 94 35 19 1 34 83 54 13 78 58 99 58 30 80 5 28 12 41 93 78 11 99 73 82 0 78 23 77 86 65 8 95 75 41 45 17 29 11 92 40 28 70 25 69 98 16 86 97 9 41 97 51 28 25 19 94 19 23 1 75 44 19 95 53 58 95 22 7 88 98 40 26 56 74 8 24 17 11 92 65 32 44 44 17 88 79
73 23 33 59 14 51 52 15 83 78 63 30 92 40 67 27 67 37 44 65 67 71 15 96 81 95 48 88 91 62 20 46 17 31 90 83 93 65 78 0 45 23 93 55 77 35 70 64 23 43 39 18 28 58 56 58 28 4 36 18 88 90 49 18 56 90 74 96 61 15 45 18 40 32 65 35 29 82 72 18 28 82 44 95 21 94 29 15 21 77 42 88 40 75 45 84 25 82 2 71
89 45 38 71 67 59 63 4 73 82 28 22 73 11 88 33 85 6 12 89 56 7 21 7 10 52 35 10 69 73 56 55 28 53 7 92 14 69 23 45 0 17 94 32 66 55 93 34 10 17 28 91 86 79 81 17 7 86 97 6 53 14 70 1 84 92 87 82 68 100 88 55 96 2 5 94 12 77 72 25 74 74 89 7 79 16 17 46 10 37 28 32 9 40 89 80 48 22 54 58
78 15 81 91 23 18 45 98 83 14 14 43 96 76 29 26 45 63 33 69 98 35 59 97 72 61 27 2 43 34 90 74 22 56 25 45 77 65 77 23 17 0 34 24 10 55 15 48 52 12 19 52 39 12 79 44 97 19 41 52 77 63 90 89 89 33 20 57 79 13 47 98 52 10 21 78 44 11 38 81 58 50 34 92 9 29 71 48 94 81 35 3 76 53 33 63 94 2 31 36
62 40 37 61 13 39 68 59 35 43 51 30 30 81 68 53 58 70 65 85 62 67 4 69 52 59 25 30 79 95 39 19 28 49 21 43 64 13 86 93 94 34 0 71 18 98 98 89 51 24 57 58 39 82 72 86 60 83 12 45 36 41 84 55 58 76 46 68 60 31 74 39 83 98 44 61 18 39 55 30 15 6 44 99 69 45 18 11 15 10 81 52 67 72 26 13 1 59 13 1
88 3 78 15 83 63 24 73 49 10 82 15 25 33 87 92 99 55 18 1 76 88 11 23 65 17 63 17 93 9 35 65 96 54 14 29 35 77 65 55 32 24 71 0 69 66 53 16 36 23 84 34 27 85 68 98 14 60 79 94 37 81 50 89 70 28 24 57 89 37 18 56 14 23 42 70 29 28 10 17 19 33 46 55 92 12 95 100 77 50 91 83 97 53 17 30 85 50 78 19
67 96 19 27 15 63 6 64 48 19 81 25 7 8 26 39 71 37 41 74 35 59 56 53 71 51 16 62 57 99 96 46 100 53 44 20 91 16 8 77 66 10 18 69 0 97 6 97 49 10 64 2 66 43 78 58 75 89 87 84 74 34 74 59 46 8 96 47 21 33 29 58 57 73 71 82 90 27 47 34 42 72 31 39 7 11 38 21 50 18 30 65 74 55 80 12 49 48 21 24
53 16 70 94 79 23 90 75 100 25 87 42 79 93 96 88 45 66 85 46 22 99 82 83 95 87 94 1 24 37 43 17 94 85 97 91 39 33 95 35 55 55 98 66 97 0 99 84 35 72 96 47 80 18 21 35 47 90 27 75 80 33 75 55 12 28 55 3 27 30 84 52 49 45 79 91 13 30 9 20 21 77 31 33 100 87 8 92 2 6 65 20 30 33 100 98 25 40 92 30
22 95 56 10 82 55 9 89 80 55 42 30 89 36 2 93 77 18 5 4 8 45 88 57 79 68 25 55 53 76 24 98 7 34 6 95 31 80 75 70 93 15 98 53 6 99 0 16 67 62 92 39 27 21 30 90 57 38 57 84 100 95 74 11 18 72 99 50 75 14 67 70 53 65 1 95 76 25 39 77 27 47 16 86 33 75 80 39 97 54 83 10 15 47 17 38 37 63 47 65
62 37 23 74 2 88 47 51 27 41 84 84 76 87 91 68 6 59 53 25 94 62 32 94 34 61 82 66 61 60 77 2 3 43 9 49 10 57 41 64 34 48 89 16 97 84 16 0 36 95 78 67 9 11 20 35 20 11 86 19 57 92 52 84 71 71 44 11 81 40 67 11 84 37 11 93 61 27 65 45 71 74 32 87 49 9 100 4 77 52 69 25 53 24 94 90 10 82 44 7
52 6 73 30 77 50 47 54 23 55 35 80 65 28 68 14 96 21 37 14 5 88 94 91 23 60 48 69 25 26 99 73 78 37 7 87 99 69 45 23 10 52 51 36 49 35 67 36 0 76 22 60 44 76 43 66 59 4 82 24 49 49 39 69 85 75 16 90 48 33 16 63 15 3 15 57 62 64 71 44 99 54 82 63 22 87 26 60 51 38 39 57 32 68 20 30 26 63 46 9
73 24 89 78 52 4 38 55 12 94 44 53 44 32 87 31 96 16 43 44 79 57 52 4 56 68 32 43 5 8 68 13 64 28 7 8 60 10 17 43 17 12 24 23 10 72 62 95 76 0 8 59 78 25 86 65 91 10 61 3 82 45 5 5 68 19 84 56 15 4 88 44 30 85 73 10 47 58 57 73 27 70 5 42 3 24 52 82 80 64 81 13 7 81 19 40 23 91 16 70
33 60 88 44 11 32 57 97 88 17 54 89 28 26 40 47 2 25 56 85 46 42 89 20 13 41 61 88 7 12 53 33 69 32 68 67 30 67 29 39 28 19 57 84 64 96 92 78 22 8 0 70 68 63 8 87 71 85 7 84 11 22 39 88 5 75 1 14 37 87 1 10 3 17 38 56 27 1 74 86 22 78 47 18 96 75 28 4 19 72 61 74 2 11 7 21 63 72 40 49
35 46 24 14 71 81 33 11 5 2 56 67 10 86 64 35 49 2 25 9 65 5 30 30 34 78 83 53 43 72 18 67 54 65 19 26 98 27 11 18 91 52 58 34 2 47 39 67 60 59 70 0 83 43 64 17 56 31 69 64 70 22 74 54 51 37 7 69 23 90 19 19 83 49 4 69 85 23 5 60 69 100 86 27 37 75 95 13 48 25 30 79 3 62 7 82 1 9 92 30
97 7 12 99 98 40 13 11 26 57 57 77 5 91 49 92 24 95 49 77 27 26 10 25 42 42 5 37 13 28 43 46 87 56 27 85 36 16 92 28 86 39 39 27 66 80 27 9 44 78 68 83 0 48 17 61 6 96 81 30 38 24 52 1 10 80 69 78 61 81 77 49 30 47 78 32 34 82 21 7 84 8 83 62 2 82 58 46 27 15 97 70 41 99 51 62 67 73 51 99
66 55 27 94 45 57 72 83 25 55 8 59 7 12 56 98 84 88 27 54 100 33 46 88 40 78 12 36 8 11 63 7 32 39 49 67 16 57 40 58 79 12 82 85 43 18 21 11 76 25 63 43 48 0 62 11 77 37 76 58 38 39 16 35 37 1 76 77 11 44 62 100 22 84 52 63 26 4 49 21 77 49 77 84 25 79 98 22 26 69 80 78 51 30 39 74 40 69 20 60
79 52 54 28 87 36 1 13 28 100 22 24 32 3 37 84 22 100 69 30 45 56 37 6 67 3 78 58 14 10 58 38 51 25 31 65 20 76 28 56 81 79 72 68 78 21 30 20 43 86 8 64 17 62 0 85 16 51 33 28 34 18 12 59 65 29 32 71 24 32 42 77 82 64 97 35 7 32 57 46 68 62 25 69 87 46 35 92 67 35 94 31 62 71 61 39 93 80 53 54
39 95 73 79 63 36 10 15 84 43 59 53 82 36 41 22 7 100 87 50 51 38 38 61 2 52 57 62 60 83 31 15 14 46 99 7 70 74 70 58 17 44 86 98 58 35 90 35 66 65 87 17 61 11 85 0 52 59 41 82 87 64 20 43 99 83 59 60 22 43 4 61 79 50 6 78 13 48 60 62 100 34 53 60 89 48 24 49 78 39 38 55 51 14 75 25 15 85 12 34
22 49 86 8 48 83 29 13 12 42 8 53 17 95 27 75 5 36 51 36 53 32 63 21 94 70 46 85 89 28 16 67 39 66 54 19 100 25 25 28 7 97 60 14 75 47 57 20 59 91 71 56 6 77 16 52 0 8 58 44 34 19 21 2 58 33 67 50 77 24 38 96 21 18 21 19 38 74 52 48 96 16 71 94 23 57 32 12 3 24 29 78 96 16 69 65 58 91 99 14
85 21 25 33 6 99 69 76 79 55 20 37 36 42 18 37 97 51 12 2 46 97 45 16 97 21 78 32 3 85 28 11 5 10 39 72 75 60 69 4 86 19 83 60 89 90 38 11 4 10 85 31 96 37 51 59 8 0 10 72 84 14 97 14 38 66 68 7 85 28 15 1 36 38 41 42 16 48 31 33 64 47 91 46 23 48 43 86 87 88 33 93 16 57 72 92 87 88 5 35
65 37 73 34 26 21 25 59 3 3 88 74 15 73 48 17 51 90 69 70 81 99 89 26 73 19 98 96 38 93 4 29 83 53 69 16 5 50 98 36 97 41 12 79 87 27 57 86 82 61 7 69 81 76 33 41 58 10 0 9 33 5 78 49 13 42 88 49 49 22 93 8 19 40 43 54 24 32 14 20 5 40 52 59 62 56 48 80 77 5 37 34 99 67 41 70 8 50 60 50
12 85 20 77 18 47 98 86 98 27 71 32 19 29 24 72 1 80 99 54 26 15 51 85 77 98 56 11 38 73 81 46 10 23 48 58 44 66 16 18 6 52 45 94 84 75 84 19 24 3 84 64 30 58 28 82 44 72 9 0 11 25 51 33 30 7 89 9 7 82 29 65 47 51 85 44 74 92 18 69 88 37 88 44 92 44 100 65 33 72 69 48 27 87 80 20 23 56 14 76
29 1 92 71 2 25 63 51 81 60 58 88 27 61 79 63 66 37 31 67 75 62 13 78 45 20 28 76 37 40 5 92 72 36 11 25 56 52 86 88 53 77 36 37 74 80 100 57 49 82 11 70 38 38 34 87 34 84 33 11 0 36 11 56 70 13 49 60 93 53 83 80 31 21 61 51 50 30 86 25 13 92 93 5 88 34 52 56 67 81 49 34 28 8 25 53 65 53 48 44
52 90 59 95 31 73 11 36 78 30 14 76 91 25 50 56 49 88 44 42 22 96 36 90 76 29 89 53 95 89 60 48 38 73 50 77 72 33 97 90 14 63 41 81 34 33 95 92 49 45 22 22 24 39 18 64 19 14 5 25 36 0 16 44 23 92 75 50 64 28 35 98 92 34 94 64 61 30 82 79 83 37 21 66 37 73 49 10 16 41 74 85 87 62 43 36 43 69 11 52
85 4 88 95 32 47 100 83 26 7 25 15 37 25 76 34 16 58 78 1 100 96 57 88 99 8 51 6 13 97 82 6 14 57 51 3 60 79 9 49 70 90 84 50 74 75 74 52 39 5 39 74 52 16 12 20 21 97 78 51 11 16 0 6 73 100 44 47 97 66 31 20 17 12 22 36 51 15 68 85 76 6 45 38 60 79 25 80 74 63 90 89 38 31 82 13 13 24 1 3
42 44 77 19 89 37 58 15 73 86 51 38 84 38 74 54 57 56 38 100 2 44 69 11 51 67 72 22 89 83 9 63 30 35 74 37 34 16 41 18 1 89 55 89 59 55 11 84 69 5 88 54 1 35 59 43 2 14 49 33 56 44 6 0 38 79 57 19 85 31 49 43 8 73 5 52 19 4 23 27 8 7 49 2 33 61 29 61 12 99 37 62 34 23 12 25 69 21 71 1
51 30 26 86 10 52 99 48 63 44 95 64 31 16 28 30 91 7 57 59 51 74 60 22 71 36 100 41 15 91 17 31 100 35 80 1 95 67 97 56 84 89 58 70 46 12 18 71 85 68 5 51 10 37 65 99 58 38 13 30 70 23 73 38 0 49 39 32 47 22 13 40 52 5 4 7 99 77 98 97 47 2 57 87 98 74 34 89 96 95 9 38 93 82 23 69 15 85 64 61
17 21 74 59 84 61 55 7 38 72 61 38 68 85 78 83 85 21 45 99 27 16 68 6 57 56 99 7 89 72 35 32 96 79 86 1 45 82 51 90 92 33 76 28 8 28 72 71 75 19 75 37 80 1 29 83 33 66 42 7 13 92 100 79 49 0 83 47 32 79 95 76 31 87 63 4 92 64 22 43 19 15 19 12 58 96 22 67 73 79 77 4 15 33 48 67 8 97 27 98
85 44 35 94 70 52 63 1 49 42 72 26 24 96 36 52 26 99 74 13 6 85 23 14 79 27 13 94 6 61 26 24 70 65 54 32 40 57 28 74 87 20 46 24 96 55 99 44 16 84 1 7 69 76 32 59 67 68 88 89 49 75 44 57 39 83 0 10 93 53 40 2 88 15 31 33 30 71 92 94 21 89 2 30 72 16 92 43 16 40 93 93 24 68 45 17 73 91 100 41
56 11 35 44 31 75 1 79 26 48 30 82 93 100 100 98 38 50 21 83 41 87 19 42 54 5 77 56 69 78 72 71 56 92 74 99 57 92 25 96 82 57 68 57 47 3 50 11 90 56 14 69 78 77 71 60 50 7 49 9 60 50 47 19 32 47 10 0 38 88 63 68 31 12 75 98 30 49 30 66 46 44 72 15 53 51 7 45 75 41 43 10 35 42 27 74 72 85 67 18
85 16 59 12 26 80 63 38 94 11 28 14 2 41 51 30 73 17 88 11 11 68 9 80 29 97 67 58 25 1 77 66 85 73 72 78 28 25 19 61 68 79 60 89 21 27 75 81 48 15 37 23 61 11 24 22 77 85 49 7 93 64 97 85 47 32 93 38 0 13 95 68 79 24 2 35 10 25 74 77 55 91 44 75 6 73 72 58 10 32 68 12 82 83 20 96 6 36 60 84
71 83 48 65 30 19 29 39 63 85 80 76 2 53 71 26 21 38 34 57 52 84 51 41 79 19 9 92 98 60 17 57 96 49 62 53 80 33 94 15 100 13 31 37 33 30 14 40 33 4 87 90 81 44 32 43 24 28 22 82 53 28 66 31 22 79 53 88 13 0 51 4 11 80 11 48 30 27 56 99 45 37 17 24 71 31 74 93 33 44 15 73 3 42 34 50 56 84 18 50
58 7 32 32 61 41 64 8 55 66 62 68 16 50 41 42 17 36 83 4 58 27 82 83 58 45 22 97 12 29 47 53 35 15 3 46 81 4 19 45 88 47 74 18 29 84 67 67 16 88 1 19 77 62 42 4 38 15 93 29 83 35 31 49 13 95 40 63 95 51 0 86 42 65 50 4 10 59 85 53 27 20 39 68 66 45 7 94 10 19 13 34 12 10 31 47 30 39 80 43
95 34 74 43 40 24 31 98 7 79 23 87 50 74 12 91 1 80 31 40 66 23 7 5 46 76 57 7 62 63 56 60 34 78 38 46 58 4 23 18 55 98 39 56 58 52 70 11 63 44 10 19 49 100 77 61 96 1 8 65 80 98 20 43 40 76 2 68 68 4 86 0 36 24 56 81 24 20 40 65 60 30 46 38 41 10 5 37 2 100 41 55 23 31 38 20 79 85 60 63
87 7 23 82 64 84 99 76 28 25 55 59 71 68 22 18 66 45 5 37 30 46 19 62 36 49 45 64 12 81 92 69 45 67 10 48 28 92 1 40 96 52 83 14 57 49 53 84 15 30 3 83 30 22 82 79 21 36 19 47 31 92 17 8 52 31 88 31 79 11 42 36 0 4 47 76 16 85 54 50 100 58 46 45 96 59 52 17 7 8 56 80 23 35 83 86 63 31 25 99
14 73 1 45 2 2 65 57 92 29 58 9 88 32 43 38 65 92 3 29 63 51 44 37 37 35 45 77 19 46 21 58 39 48 22 33 63 94 75 32 2 10 98 23 73 45 65 37 3 85 17 49 47 84 64 50 18 38 40 51 21 34 12 73 5 87 15 12 24 80 65 24 4 0 85 77 58 37 61 65 36 49 33 33 51 63 31 96 11 21 92 25 19 22 76 45 15 50 33 76
54 53 28 100 7 4 97 37 67 21 18 44 98 74 15 20 22 72 47 7 4 2 26 78 88 85 23 100 26 57 91 52 7 61 83 99 63 29 44 65 5 21 44 42 71 79 1 11 15 73 38 4 78 52 97 6 21 41 43 85 61 94 22 5 4 63 31 75 2 11 50 56 47 85 0 91 50 32 60 80 83 86 65 24 96 10 62 79 74 64 18 76 18 52 3 17 49 45 75 65
7 16 50 93 17 96 72 27 89 66 98 23 98 76 100 51 87 95 70 59 16 22 39 57 26 50 37 70 10 31 63 24 48 79 60 93 1 83 19 35 94 78 61 70 82 91 95 93 57 10 56 69 32 63 35 78 19 42 54 44 51 64 36 52 7 4 33 98 35 48 4 81 76 77 91 0 3 34 13 94 17 45 78 41 26 98 2 52 3 3 5 39 78 19 99 21 39 60 49 100
47 49 10 70 1 60 10 9 87 60 64 4 80 19 95 48 45 49 53 37 23 10 98 15 65 51 53 54 24 85 2 65 70 60 91 27 66 71 95 29 12 44 18 29 90 13 76 61 62 47 27 85 34 26 7 13 38 16 24 74 50 61 51 19 99 92 30 30 10 30 10 24 16 58 50 3 0 83 58 74 59 6 80 76 74 79 54 44 72 4 86 98 27 94 31 92 93 67 24 67
60 23 17 65 48 74 16 33 90 4 14 95 3 64 9 69 84 30 84 98 59 12 66 33 95 90 10 91 80 59 19 28 8 4 48 71 56 53 53 82 77 11 39 28 27 30 25 27 64 58 1 23 82 4 32 48 74 48 32 92 30 30 15 4 77 64 71 49 25 27 59 20 85 37 32 34 83 0 92 33 95 73 13 51 35 66 42 59 96 81 91 85 69 37 98 97 90 15 5 70
69 88 53 57 23 60 11 92 4 28 19 69 28 84 65 16 81 35 68 16 95 23 51 47 59 31 70 16 49 9 61 49 27 44 40 31 2 61 58 72 72 38 55 10 47 9 39 65 71 57 74 5 21 49 57 60 52 31 14 18 86 82 68 23 98 22 92 30 74 56 85 40 54 61 60 13 58 92 0 27 27 46 82 93 71 1 21 91 48 79 8 53 96 1 78 77 22 54 86 58
57 35 75 82 49 40 59 93 40 65 60 48 86 76 62 86 28 5 7 90 52 57 94 31 28 94 97 68 43 81 44 66 94 11 82 32 91 80 95 18 25 81 30 17 34 20 77 45 44 73 86 60 7 21 46 62 48 33 20 69 25 79 85 27 97 43 94 66 77 99 53 65 50 65 80 94 74 33 27 0 93 74 6 33 44 66 38 51 47 35 70 41 15 48 52 18 98 16 64 79
38 69 26 69 64 33 63 7 92 8 10 22 7 19 34 57 7 97 41 80 59 20 67 44 7 80 29 96 55 58 90 28 77 81 56 71 70 83 22 28 74 58 15 19 42 21 27 71 99 27 22 69 84 77 68 100 96 64 5 88 13 83 76 8 47 19 21 46 55 45 27 60 100 36 83 17 59 95 27 93 0 1 58 5 9 85 49 96 50 84 15 80 53 67 49 86 93 29 16 98
68 49 94 54 80 37 54 83 65 52 15 84 83 26 96 24 98 94 19 63 91 89 76 40 26 12 35 46 18 61 75 85 79 37 71 88 68 5 7 82 74 50 6 33 72 77 47 74 54 70 78 100 8 49 62 34 16 47 40 37 92 37 6 7 2 15 89 44 91 37 20 30 58 49 86 45 6 73 46 74 1 0 76 50 69 35 71 88 17 30 49 91 45 62 45 53 75 68 4 39
82 39 67 15 86 54 10 94 75 19 64 7 98 22 24 7 95 64 97 99 10 33 62 21 43 64 53 62 33 12 81 84 18 73 6 44 4 83 88 44 89 34 44 46 31 31 16 32 82 5 47 86 83 77 25 53 71 91 52 88 93 21 45 49 57 19 2 72 44 17 39 46 46 33 65 78 80 13 82 6 58 76 0 85 52 72 19 76 88 5 40 93 72 95 3 30 87 43 17 24
53 73 38 33 5 34 78 33 66 10 21 93 3 83 28 69 11 36 58 90 53 99 1 82 56 95 73 41 34 6 96 21 33 32 8 67 40 33 98 95 7 92 99 55 39 33 86 87 63 42 18 27 62 84 69 60 94 46 59 44 5 66 38 2 87 12 30 15 75 24 68 38 45 33 24 41 76 51 93 33 5 50 85 0 66 53 77 20 13 79 14 22 66 84 29 84 24 66 97 16
98 27 30 2 17 98 65 27 2 29 95 13 35 78 73 33 46 62 44 12 4 89 69 1 74 63 27 66 75 63 51 16 90 89 45 16 52 92 40 21 79 9 69 92 7 100 33 49 22 3 96 37 2 25 87 89 23 23 62 92 88 37 60 33 98 58 72 53 6 71 66 41 96 51 96 26 74 35 71 44 9 69 52 66 0 67 9 98 30 65 61 16 67 90 82 68 25 53 72 61
36 42 58 6 71 95 22 22 27 13 51 6 67 4 29 26 45 60 14 29 98 92 93 71 58 11 23 55 28 97 12 84 9 68 32 9 67 32 26 94 16 29 45 12 11 87 75 9 87 24 75 75 82 79 46 48 57 48 56 44 34 73 79 61 74 96 16 51 73 31 45 10 59 63 10 98 79 66 1 66 85 35 72 53 67 0 78 82 20 17 47 54 49 93 21 42 84 97 29 32
8 31 6 37 1 60 23 90 6 36 11 76 29 96 21 44 75 59 79 91 48 69 27 27 5 91 87 52 5 61 83 10 67 72 86 26 82 88 56 29 17 71 18 95 38 8 80 100 26 52 28 95 58 98 35 24 32 43 48 100 52 49 25 29 34 22 92 7 72 74 7 5 52 31 62 2 54 42 21 38 49 71 19 77 9 78 0 78 34 39 16 18 93 4 26 46 94 70 81 29
4 12 40 68 9 84 80 58 82 3 48 78 62 22 66 71 87 70 55 64 15 98 70 6 36 91 67 87 41 59 45 96 99 10 58 4 12 6 74 15 46 48 11 100 21 92 39 4 60 82 4 13 46 22 92 49 12 86 80 65 56 10 80 61 89 67 43 45 58 93 94 37 17 96 79 52 44 59 91 51 96 88 76 20 98 82 78 0 23 60 83 18 45 37 4 37 19 14 6 49
76 98 15 15 62 93 6 30 3 63 44 96 81 95 37 35 85 3 93 41 22 74 91 52 7 24 69 36 89 1 9 66 69 81 86 13 46 12 8 21 10 94 15 77 50 2 97 77 51 80 19 48 27 26 67 78 3 87 77 33 67 16 74 12 96 73 16 75 10 33 10 2 7 11 74 3 72 96 48 47 50 17 88 13 30 20 34 23 0 81 68 70 80 98 98 97 65 96 71 89
83 53 69 35 78 84 16 70 63 97 7 51 61 47 15 19 24 32 100 94 10 64 74 2 69 89 93 37 27 65 87 37 10 1 77 71 55 7 24 77 37 81 10 50 18 6 54 52 38 64 72 25 15 69 35 39 24 88 5 72 81 41 63 99 95 79 40 41 32 44 19 100 8 21 64 3 4 81 79 35 84 30 5 79 65 17 39 60 81 0 30 71 58 96 92 23 4 50 18 88
79 24 66 78 100 54 17 59 93 50 4 3 45 61 40 35 5 77 74 6 69 77 83 30 6 78 27 61 61 7 69 78 16 65 85 53 89 10 17 42 28 35 81 91 30 65 83 69 39 81 61 30 97 80 94 38 29 33 37 69 49 74 90 37 9 77 93 43 68 15 13 41 56 92 18 5 86 91 8 70 15 49 40 14 61 47 16 83 68 30 0 88 65 47 14 60 2 55 4 60
2 86 16 99 26 66 47 9 86 37 34 3 98 8 54 86 10 49 8 32 58 77 37 5 97 67 10 38 1 67 15 53 4 22 45 53 4 87 11 88 32 3 52 83 65 20 10 25 57 13 74 79 70 78 31 55 78 93 34 48 34 85 89 62 38 4 93 10 12 73 34 55 80 25 76 39 98 85 53 41 80 91 93 22 16 54 18 18 70 71 88 0 17 99 50 30 43 94 68 4
85 81 89 30 13 41 95 19 95 90 46 39 57 28 43 97 72 85 39 80 41 94 90 12 47 16 15 3 59 58 21 3 84 28 100 73 56 10 92 40 9 76 67 97 74 30 15 53 32 7 2 3 41 51 62 51 96 16 99 27 28 87 38 34 93 15 24 35 82 3 12 23 23 19 18 78 27 69 96 15 53 45 72 66 67 49 93 45 80 58 65 17 0 84 31 51 70 44 28 19
8 16 36 5 88 3 76 73 53 29 57 99 20 68 84 84 40 7 24 11 18 88 40 56 31 85 49 41 22 54 18 82 21 41 76 94 21 73 65 75 40 53 72 53 55 33 47 24 68 81 11 62 99 30 71 14 16 57 67 87 8 62 31 23 82 33 68 42 83 42 10 31 35 22 52 19 94 37 1 48 67 62 95 84 90 93 4 37 98 96 47 99 84 0 32 7 71 91 51 23
63 8 66 67 4 11 61 50 32 39 99 37 46 29 43 1 38 94 36 37 83 57 15 84 64 73 62 16 52 32 74 4 13 27 9 31 93 36 32 45 89 33 26 17 80 100 17 94 20 19 7 7 51 39 61 75 69 72 41 80 25 43 82 12 23 48 45 27 20 34 31 38 83 76 3 99 31 98 78 52 49 45 3 29 82 21 26 4 98 92 14 50 31 32 0 52 40 93 90 57
23 23 55 63 89 94 6 5 38 29 19 100 60 11 36 1 13 68 88 71 5 28 81 74 61 4 56 94 53 48 68 91 15 9 7 48 28 66 44 84 80 63 13 30 12 98 38 90 30 40 21 82 62 74 39 25 65 92 70 20 53 36 13 25 69 67 17 74 96 50 47 20 86 45 17 21 92 97 77 18 86 53 30 84 68 42 46 37 97 23 60 30 51 7 52 0 60 98 86 29
9 55 54 67 20 64 75 46 58 31 79 33 24 1 30 58 16 80 66 91 49 38 40 83 66 23 26 28 77 98 12 46 93 10 73 34 46 64 44 25 48 94 1 85 49 25 37 10 26 23 63 1 67 40 93 15 58 87 8 23 65 43 13 69 15 8 73 72 6 56 30 79 63 15 49 39 93 90 22 98 93 75 87 24 25 84 94 19 65 4 2 43 70 71 40 60 0 88 5 16
88 59 86 82 46 46 9 44 34 91 88 67 1 72 42 99 70 85 31 96 63 57 22 57 75 5 54 3 87 96 4 57 53 17 77 11 64 33 17 82 22 2 59 50 48 40 63 82 63 91 72 9 73 69 80 85 91 88 50 56 53 69 24 21 85 97 91 85 36 84 39 85 31 50 45 60 67 15 54 16 29 68 43 66 53 97 70 14 96 50 55 94 44 91 93 98 88 0 15 89
95 36 15 85 66 4 8 91 86 70 88 58 14 48 16 56 96 36 39 54 89 38 89 85 89 74 80 32 76 11 42 87 68 57 85 71 94 12 88 2 54 31 13 78 21 92 47 44 46 16 40 92 51 20 53 12 99 5 60 14 48 11 1 71 64 27 100 67 60 18 80 60 25 33 75 49 24 5 86 64 16 4 17 97 72 29 81 6 71 18 4 68 28 51 90 86 5 15 0 46
75 33 58 75 45 88 27 74 93 34 42 12 91 91 25 2 69 54 47 42 91 65 21 81 57 52 97 28 4 92 5 46 34 97 90 5 54 92 79 71 58 36 1 19 24 30 65 7 9 70 49 30 99 60 54 34 14 35 50 76 44 52 3 1 61 98 41 18 84 50 43 63 99 76 65 100 67 70 58 79 98 39 24 16 61 32 29 49 89 88 60 4 19 23 57 29 16 89 46 0

0 90 6 44 40 27 24 16 88 59 83 95 14 17 89 42 12 99 71 67 8 29 56 65 66 82 34 12 24 83 94 39 92 4 49 40 22 42 28 54 76 41 29 64 84 59 19 62 50 59 12 40 33 71 85 36 52 87 71 47 60 62 52 25 2 50 59 91 71 44 12 44 36 59 32 62 11 20 78 90 37 83 55 79 27 21 75 100 88 72 31 56 69 48 9 75 23 68 14 9
90 0 75 22 42 68 81 4 52 19 3 85 81 40 30 13 59 5 61 91 41 98 9 76 43 87 42 35 60 82 20 47 25 80 53 86 62 86 62 44 5 80 94 42 34 27 99 58 83 81 59 76 73 76 43 25 83 94 23 60 19 21 23 83 93 83 43 40 46 29 71 93 29 15 65 63 85 35 74 57 53 26 86 51 54 20 93 63 53 71 32 38 66 59 53 67 25 85 38 71
6 75 0 37 65 94 37 89 1 2 8 64 17 92 43 63 41 8 28 59 78 20 25 49 81 16 43 29 82 3 34 27 43 59 30 92 10 29 59 45 92 2 79 93 8 26 20 84 87 74 94 34 95 35 9 17 62 73 28 86 9 16 16 64 17 73 92 58 51 14 79 10 39 30 19 45 31 26 90 34 94 39 4 53 90 87 87 4 90 70 78 90 23 61 52 8 54 70 34 98
44 22 37 0 81 84 73 17 30 86 70 91 38 65 18 86 21 36 41 53 81 61 75 23 5 83 36 94 23 39 55 71 100 61 59 28 38 77 94 49 6 9 27 30 76 13 72 33 26 39 47 41 22 74 71 20 13 71 67 27 10 58 7 65 58 28 62 12 89 11 93 14 57 74 61 16 1 37 22 33 77 26 31 17 45 51 7 28 2 23 94 76 47 13 34 84 16 78 93 17
40 42 65 81 0 18 41 89 41 1 18 92 39 74 90 48 99 46 68 50 84 15 52 59 80 3 34 58 1 58 85 79 69 52 35 6 56 24 64 86 26 67 90 45 27 28 57 35 92 40 11 17 30 31 34 49 28 80 12 6 65 95 22 28 64 18 98 76 24 33 8 58 52 64 45 75 84 4 9 45 32 97 54 44 33 9 53 7 7 33 26 85 28 33 46 83 85 54 78 32
27 68 94 84 18 0 99 35 20 40 61 1 46 46 67 28 55 49 8 68 98 88 16 72 10 68 65 40 89 30 4 39 86 77 87 98 73 88 87 80 95 21 78 24 31 86 90 80 71 33 17 34 82 64 25 67 81 35 62 6 98 60 22 64 31 1 17 21 85 90 77 33 63 100 3 85 17 7 29 100 17 30 1 78 2 33 3 21 99 64 41 2 1 89 44 18 60 35 1 26
24 81 37 73 41 99 0 28 80 23 57 37 87 93 67 13 74 38 20 37 65 92 12 30 64 75 32 61 75 87 6 37 68 65 29 87 13 96 63 53 61 81 56 65 52 93 99 5 13 96 42 73 88 25 89 3 58 94 31 28 24 79 84 48 78 79 24 93 71 66 50 18 15 30 74 76 85 58 59 21 89 16 8 73 82 3 79 23 35 84 4 69 70 49 70 46 84 99 53 59
16 4 89 17 89 35 28 0 43 97 5 36 100 22 93 93 91 95 42 13 31 57 41 57 5 36 27 96 75 5 72 27 92 8 1 52 11 36 73 63 35 78 55 63 74 69 47 87 12 42 57 36 41 34 23 21 43 40 54 28 95 23 86 48 84 80 53 28 16 71 1 83 48 84 55 54 43 51 1 80 63 11 77 9 78 5 34 99 57 19 82 29 81 63 4 48 71 26 55 92
88 52 1 30 41 20 80 43 0 38 4 71 56 69 30 21 13 14 29 90 26 63 17 8 33 42 61 86 32 75 18 6 64 76 93 23 23 56 28 62 95 9 33 49 49 52 78 27 25 11 78 23 42 56 1 18 56 57 18 34 53 26 60 22 13 5 46 71 28 98 13 86 66 3 91 51 9 71 64 93 22 75 14 13 72 75 47 61 83 75 32 18 48 69 28 72 89 58 42 59
59 19 2 86 1 40 23 97 38 0 31 3 84 61 1 24 29 18 26 2 34 76 1 34 13 66 59 24 15 72 52 70 96 50 85 55 22 8 27 60 70 10 59 27 86 45 77 52 76 92 40 17 77 37 54 68 48 76 21 93 21 71 55 85 92 12 51 4 42 84 68 60 80 84 100 92 2 31 16 59 21 28 65 90 24 8 9 86 27 64 12 18 72 32 74 18 21 29 49 60
83 3 8 70 18 61 57 5 4 31 0 87 72 55 60 69 30 3 99 56 1 26 97 54 91 88 29 68 60 14 6 28 85 97 90 88 74 39 50 81 40 72 84 58 6 22 34 41 45 93 5 4 91 63 96 84 85 34 12 54 66 16 5 79 37 69 11 28 63 17 40 100 48 94 65 30 87 11 44 60 82 63 20 19 31 8 54 61 97 23 28 60 54 59 25 66 77 14 87 26
95 85 64 91 92 1 37 36 71 3 87 0 92 31 65 77 77 6 55 74 9 94 40 60 28 83 53 77 44 42 53 15 87 13 42 51 34 14 89 48 22 89 21 42 46 18 75 90 79 40 76 76 85 67 84 90 39 11 22 27 16 41 86 71 98 42 65 12 51 58 9 5 42 96 17 77 38 4 63 16 10 28 15 53 68 4 48 70 68 72 36 99 40 12 85 13 5 43 46 37
14 81 17 38 39 46 87 100 56 84 72 92 0 11 63 20 65 58 76 31 90 1 4 92 47 75 92 40 7 37 77 39 39 93 94 84 27 76 6 40 83 26 74 97 1 27 56 42 58 97 41 38 3 33 90 21 59 42 81 9 65 31 15 5 79 28 76 45 18 70 28 97 59 46 99 33 62 51 94 13 50 85 41 9 56 39 46 75 48 82 69 4 74 87 61 62 8 54 58 94
17 40 92 65 74 46 93 22 69 61 55 31 11 0 34 35 66 3 63 53 79 51 38 5 8 67 2 91 87 46 11 13 60 32 82 56 54 23 72 57 41 3 95 15 3 61 13 40 23 42 11 12 79 83 54 18 12 26 36 74 12 100 12 28 35 96 34 44 32 98 86 84 94 78 33 80 64 78 16 79 50 82 85 66 75 29 33 79 71 22 43 25 30 73 84 64 49 67 11 24
89 30 43 18 90 67 67 93 30 1 60 65 63 34 0 28 89 54 18 22 89 45 47 13 25 91 62 65 11 10 92 55 35 4 51 63 37 66 48 99 73 22 38 7 22 6 83 18 31 5 1 82 26 64 88 99 34 66 98 7 39 36 49 19 16 71 63 51 3 63 82 31 19 1 95 98 26 9 59 32 98 51 52 97 39 49 38 18 28 45 8 95 93 8 67 95 96 33 13 43
42 13 63 86 48 28 13 93 21 24 69 77 20 35 28 0 51 93 87 92 45 70 68 60 11 1 60 4 69 47 63 75 55 65 89 56 73 72 84 13 90 74 38 23 10 41 29 70 79 14 89 39 64 24 11 67 47 69 100 8 97 34 86 25 80 95 68 75 1 79 82 90 60 7 63 55 50 83 43 61 31 23 91 63 88 64 22 91 82 25 20 54 79 96 85 82 33 91 62 9
12 59 41 21 99 55 74 91 13 29 30 77 65 66 89 51 0 77 17 45 92 76 70 91 22 36 42 19 88 2 58 94 55 34 17 69 95 35 30 48 25 70 87 78 6 40 69 16 11 73 68 29 47 35 2 4 17 86 85 72 99 26 3 76 32 23 100 31 32 70 99 60 16 51 90 41 50 91 23 65 83 61 50 16 65 34 55 30 21 32 33 92 83 37 57 69 1 82 63 34
99 5 8 36 46 49 38 95 14 18 3 6 58 3 54 93 77 0 75 44 76 2 38 61 60 89 74 92 78 94 3 28 67 62 23 91 79 70 27 38 37 27 6 28 38 24 25 53 28 83 97 22 86 46 82 56 75 1 49 99 12 62 27 12 32 59 53 37 49 100 47 75 56 23 80 13 15 87 62 50 18 23 11 3 93 59 83 99 26 86 61 58 94 66 57 19 85 20 54 67
71 61 28 41 68 8 20 42 29 26 99 55 76 63 18 87 17 75 0 31 71 64 51 93 93 65 84 63 18 48 95 51 92 97 23 78 26 84 16 66 40 58 11 43 37 95 78 92 27 44 78 55 73 78 92 51 70 6 99 19 86 70 94 72 36 97 26 59 42 30 58 43 21 77 84 48 31 23 12 63 48 19 42 45 54 12 51 62 65 93 21 74 72 51 63 40 8 48 55 99
67 91 59 53 50 68 37 13 90 2 56 74 31 53 22 92 45 44 31 0 73 12 29 78 26 58 58 72 37 3 30 20 86 64 66 77 100 85 79 86 14 73 70 15 83 84 3 47 53 60 97 68 4 2 58 55 58 38 43 52 91 28 91 61 4 69 80 33 35 52 4 58 40 16 40 42 23 99 90 13 94 3 98 84 54 39 64 6 14 32 60 57 19 76 10 58 42 36 61 8
8 41 78 81 84 98 65 31 26 34 1 9 90 79 89 45 92 76 71 73 0 43 5 67 64 52 35 15 26 99 62 99 83 53 11 80 59 4 17 72 53 33 70 77 11 36 63 88 3 40 3 87 86 5 37 53 8 4 20 16 19 87 46 98 35 77 14 13 84 70 20 46 3 13 99 65 37 28 25 27 6 100 82 54 2 12 2 93 29 68 8 57 45 31 25 46 62 46 10 27
29 98 20 61 15 88 92 57 63 76 26 94 1 51 45 70 76 2 64 12 43 0 44 74 32 22 24 38 26 7 57 10 94 74 35 84 56 28 98 32 14 6 17 16 43 16 47 83 39 13 37 44 75 32 73 37 26 7 84 42 24 76 16 62 7 23 86 37 11 45 88 22 34 67 13 82 67 16 22 43 88 16 90 30 35 28 13 40 17 36 70 6 33 99 2 96 92 62 71 15
56 9 25 75 52 16 12 41 17 1 97 40 4 38 47 68 70 38 51 29 5 44 0 64 40 85 72 95 88 79 93 96 94 40 45 86 80 56 28 28 40 9 17 5 81 12 79 51 73 79 16 95 65 92 100 40 20 63 35 69 57 60 36 19 89 91 25 29 14 43 40 41 60 48 7 8 18 43 15 82 28 15 99 35 60 24 82 63 35 8 69 30 47 86 91 86 85 54 50 28
65 76 49 23 59 72 30 57 8 34 54 60 92 5 13 60 91 61 93 78 67 74 64 0 6 14 35 6 54 7 91 99 76 60 75 47 42 1 69 7 56 74 99 13 47 5 79 81 95 12 56 87 74 30 55 25 18 29 10 5 79 60 34 45 57 85 84 23 19 58 51 37 65 94 71 35 11 33 98 90 2 81 54 53 92 100 64 30 39 66 73 62 44 35 100 41 65 64 45 29
66 43 81 5 80 10 64 5 33 13 91 28 47 8 25 11 22 60 93 26 64 32 40 6 0 89 54 33 25 57 85 51 10 75 62 74 44 81 22 58 27 43 93 67 29 60 72 83 9 81 97 3 68 32 30 83 93 32 59 77 4 60 44 72 91 56 88 75 24 100 87 57 48 82 32 91 93 87 60 18 6 41 55 23 90 43 23 20 70 67 25 70 55 34 31 85 62 42 35 35
82 87 16 83 3 68 75 36 42 66 88 83 75 67 91 1 36 89 65 58 52 22 85 14 89 0 93 12 41 42 85 50 87 91 65 25 43 58 18 23 53 36 76 30 65 75 99 93 5 18 9 3 39 58 61 41 89 15 52 88 60 41 81 45 85 69 3 85 75 1 78 20 9 39 35 10 37 62 91 24 35 25 4 72 26 53 33 72 75 56 85 15 52 66 52 35 71 65 13 66
34 42 43 36 34 65 32 27 61 59 29 53 92 2 62 60 42 74 84 58 35 24 72 35 54 93 0 39 97 78 88 36 76 24 29 83 86 31 100 52 34 73 11 46 12 10 74 67 35 95 27 74 61 40 30 24 84 61 44 46 18 96 38 83 73 25 41 56 53 93 32 16 8 53 46 2 85 6 21 94 79 94 96 33 90 12 32 55 50 38 48 19 79 96 10 97 99 95 98 6
12 35 29 94 58 40 61 96 86 24 68 77 40 91 65 4 19 92 63 72 15 38 95 6 33 12 39 0 65 3 89 61 36 33 66 99 28 33 12 78 18 65 22 46 19 74 96 70 78 41 5 65 11 7 39 61 86 22 32 79 9 87 81 76 99 48 8 19 26 38 65 61 34 49 32 15 85 5 71 3 24 64 26 8 30 32 15 15 31 21 61 35 50 85 52 19 10 71 67 36
24 60 82 23 1 89 75 75 32 15 60 44 7 87 11 69 88 78 18 37 26 26 88 54 25 41 97 65 0 81 57 42 57 31 55 59 75 43 93 6 51 71 16 54 38 77 13 38 61 9 79 46 35 15 57 71 79 73 13 72 78 39 52 42 6 61 97 89 6 64 92 47 21 9 92 10 2 69 4 56 42 43 66 29 83 89 34 64 43 95 65 58 91 58 66 75 45 74 76 87
83 82 3 39 58 30 87 5 75 72 14 42 37 46 10 47 2 94 48 3 99 7 79 7 57 42 78 3 81 0 79 78 51 87 82 52 51 55 64 20 15 52 36 76 96 94 14 6 89 67 82 54 34 53 100 7 6 20 73 45 78 14 41 32 83 73 65 73 27 35 39 94 42 74 39 3 52 22 29 37 3 46 53 3 54 9 77 93 35 59 23 80 43 49 100 40 23 43 96 14
94 20 34 55 85 4 6 72 18 52 6 53 77 11 92 63 58 3 95 30 62 57 93 91 85 85 88 89 57 79 0 98 56 64 53 50 21 42 8 82 72 55 95 10 63 12 22 8 82 12 26 100 26 46 7 86 9 76 92 20 36 62 73 44 78 54 47 9 33 19 9 83 23 1 76 44 45 20 25 54 87 55 26 63 52 86 47 85 100 56 75 91 77 3 33 94 6 84 2 23
39 47 27 71 79 39 37 27 6 70 28 15 39 13 55 75 94 28 51 20 99 10 96 99 51 50 36 61 42 78 98 0 38 16 46 50 33 88 82 70 46 14 41 30 39 1 26 16 48 9 92 85 77 83 84 30 30 92 91 19 2 3 88 72 80 89 94 7 66 51 7 2 20 16 19 2 54 28 52 27 87 39 1 85 89 45 95 24 18 82 16 78 45 57 99 31 96 21 15 89
92 25 43 100 69 86 68 92 64 96 85 87 39 60 35 55 55 67 92 86 83 94 94 76 10 87 76 36 57 51 56 38 0 55 12 91 8 31 2 45 64 77 4 61 34 95 76 37 33 99 39 14 59 69 79 37 77 41 36 56 70 58 60 17 67 50 66 3 63 96 9 38 99 10 53 24 62 94 43 77 82 24 70 30 92 86 22 80 40 74 46 79 73 20 4 88 86 77 66 95
4 80 59 61 52 77 65 8 76 50 97 13 93 32 4 65 34 62 97 64 53 74 40 60 75 91 24 33 31 87 64 16 55 0 40 38 95 7 86 14 11 80 98 41 51 100 46 79 49 53 60 4 76 70 17 89 31 56 94 3 46 82 68 55 43 37 29 42 38 85 13 73 75 70 26 69 32 70 7 51 37 7 91 56 85 69 46 69 66 82 48 52 7 65 50 56 58 96 76 65
49 53 30 59 35 87 29 1 93 85 90 42 94 82 51 89 17 23 23 66 11 35 45 75 62 65 29 66 55 82 53 46 12 40 0 87 33 7 91 38 31 89 46 20 30 79 45 39 65 3 43 10 23 28 15 28 83 100 83 92 40 24 96 99 72 63 29 71 48 35 80 20 72 16 13 44 7 76 68 47 7 35 48 73 99 83 82 11 83 91 3 18 41 26 43 89 1 9 7 23
40 86 92 28 6 98 87 52 23 55 88 51 84 56 63 56 69 91 78 77 80 84 86 47 74 25 83 99 59 52 50 50 91 38 87 0 89 57 88 33 18 97 47 22 71 77 12 50 65 63 61 3 89 80 80 63 66 67 62 55 34 23 1 16 84 28 26 88 96 39 85 98 41 97 22 1 2 69 28 9 32 60 12 66 2 20 80 43 25 62 73 35 50 64 61 62 67 44 51 77
22 62 10 38 56 73 13 11 23 22 74 34 27 54 37 73 95 79 26 100 59 56 80 42 44 43 86 28 75 51 21 33 8 95 33 89 0 7 45 66 95 48 30 60 74 32 4 96 77 18 63 19 65 80 40 87 5 24 32 91 98 80 56 56 63 32 53 81 40 76 18 11 76 48 51 67 61 3 39 74 98 31 39 31 91 80 61 28 18 75 83 22 8 68 57 85 56 43 10 84
42 86 29 77 24 88 96 36 56 8 39 14 76 23 66 72 35 70 84 85 4 28 56 1 81 58 31 33 43 55 42 88 31 7 7 57 7 0 36 12 57 61 55 63 63 56 95 79 63 93 91 51 75 75 77 10 51 35 33 49 17 94 52 28 68 29 29 50 72 23 8 18 66 34 83 46 14 33 92 17 36 7 75 89 24 73 97 45 85 37 84 96 45 12 52 38 32 20 14 71
28 62 59 94 64 87 63 73 28 27 50 89 6 72 48 84 30 27 16 79 17 98 28 69 22 18 100 12 93 64 8 82 2 86 91 88 45 36 0 42 74 20 72 12 70 55 88 60 73 10 9 21 63 48 51 46 94 47 59 15 35 99 89 24 84 18 4 25 95 86 53 37 98 34 38 77 52 63 93 23 7 60 52 13 30 6 26 3 76 9 68 70 41 64 48 61 63 42 89 32
54 44 45 49 86 80 53 63 62 60 81 48 40 57 99 13 48 38 66 86 72 32 28 7 58 23 52 78 6 20 82 70 45 14 38 33 66 12 42 0 33 23 97 37 68 25 41 41 34 1 58 41 15 62 50 61 19 36 31 17 63 83 40 82 37 16 79 23 20 2 58 48 48 79 62 59 59 18 59 28 46 80 15 97 38 53 2 32 38 11 58 47 47 35 13 45 82 43 46 97
76 5 92 6 26 95 61 35 95 70 40 22 83 41 73 90 25 37 40 14 53 14 40 56 27 53 34 18 51 15 72 46 64 11 31 18 95 57 74 33 0 73 24 74 6 21 17 14 28 82 100 33 12 55 29 40 16 30 65 22 24 89 58 70 64 14 62 23 70 68 95 85 60 48 99 13 94 32 92 34 42 87 81 73 66 72 73 75 89 84 63 27 85 10 11 21 7 30 73 60
41 80 2 9 67 21 81 78 9 10 72 89 26 3 22 74 70 27 58 73 33 6 9 74 43 36 73 65 71 52 55 14 77 80 89 97 48 61 20 23 73 0 22 43 9 67 65 50 58 6 37 69 78 30 57 91 23 12 82 76 35 97 84 20 68 49 83 70 26 90 24 95 91 71 77 63 44 40 69 91 54 68 49 33 72 12 26 66 60 36 46 59 1 39 49 71 10 56 23 24
29 94 79 27 90 78 56 55 33 59 84 21 74 95 38 38 87 6 11 70 70 17 17 99 93 76 11 22 16 36 95 41 4 98 46 47 30 55 72 97 24 22 0 88 2 59 60 91 65 77 19 7 87 13 77 31 43 80 26 4 44 86 77 6 91 32 20 14 30 14 45 55 50 18 10 73 99 100 92 10 68 99 1 30 74 32 87 91 39 13 54 97 19 33 34 99 59 26 40 26
64 42 93 30 45 24 65 63 49 27 58 42 97 15 7 23 78 28 43 15 77 16 5 13 67 30 46 46 54 76 10 30 61 41 20 22 60 63 12 37 74 43 88 0 12 88 54 65 92 34 24 29 28 58 90 79 35 74 85 78 77 85 94 15 52 52 56 99 84 39 13 26 77 59 3 80 14 11 32 20 28 75 98 65 69 96 94 31 40 25 32 20 28 90 75 6 64 93 21 23
84 34 8 76 27 31 52 74 49 86 6 46 1 3 22 10 6 38 37 83 11 43 81 47 29 65 12 19 38 96 63 39 34 51 30 71 74 63 70 68 6 9 2 12 0 74 25 89 57 50 94 74 74 38 14 25 31 92 72 15 12 10 54 69 38 4 23 59 5 23 1 75 58 2 77 30 33 76 87 15 4 61 89 25 21 85 47 76 47 44 46 48 36 29 12 92 16 81 44 62
59 27 26 13 28 86 93 69 52 45 22 18 27 61 6 41 40 24 95 84 36 16 12 5 60 75 10 74 77 94 12 1 95 100 79 77 32 56 55 25 21 67 59 88 74 0 46 100 78 15 19 8 39 28 25 61 2 32 55 50 100 31 99 10 55 60 32 18 22 43 67 92 81 93 56 42 40 35 45 59 62 50 15 64 14 42 96 37 79 84 82 51 79 8 20 62 92 12 61 48
19 99 20 72 57 90 99 47 78 77 34 75 56 13 83 29 69 25 78 3 63 47 79 79 72 99 74 96 13 14 22 26 76 46 45 12 4 95 88 41 17 65 60 54 25 46 0 95 83 1 53 88 90 20 26 78 76 66 36 7 58 12 97 95 55 94 41 22 98 63 49 40 23 27 12 22 75 73 59 97 65 96 40 32 74 16 2 55 89 66 51 86 100 4 97 29 22 100 14 69
62 58 84 33 35 80 5 87 27 52 41 90 42 40 18 70 16 53 92 47 88 83 51 81 83 93 67 70 38 6 8 16 37 79 39 50 96 79 60 41 14 50 91 65 89 100 95 0 20 53 99 78 64 66 94 39 84 7 73 33 5 14 42 34 24 5 13 92 80 7 21 75 9 20 97 40 8 48 29 87 28 22 68 50 45 23 1 84 31 83 12 99 47 77 95 68 6 94 1 18
50 83 87 26 92 71 13 12 25 76 45 79 58 23 31 79 11 28 27 53 3 39 73 95 9 5 35 78 61 89 82 48 33 49 65 65 77 63 73 34 28 58 65 92 57 78 83 20 0 92 94 36 13 7 45 51 1 24 62 78 14 95 22 25 50 88 58 37 35 11 72 19 48 60 48 21 95 62 50 75 89 47 50 26 77 50 73 80 47 81 83 42 58 8 60 44 90 75 80 56
59 81 74 39 40 33 96 42 11 92 93 40 97 42 5 14 73 83 44 60 40 13 79 12 81 18 95 41 9 67 12 9 99 53 3 63 18 93 10 1 82 6 77 34 50 15 1 53 92 0 17 10 11 94 50 80 93 9 39 20 50 53 14 39 21 51 30 20 26 67 39 68 29 82 76 66 27 74 60 64 2 33 68 57 43 57 99 93 40 13 98 22 56 19 75 59 7 49 5 37
12 59 94 47 11 17 42 57 78 40 5 76 41 11 1 89 68 97 78 97 3 37 16 56 97 9 27 5 79 82 26 92 39 60 43 61 63 91 9 58 100 37 19 24 94 19 53 99 94 17 0 93 23 46 28 86 87 25 64 5 87 53 90 68 80 16 2 10 72 97 70 66 88 42 85 64 68 97 86 23 97 47 16 39 1 80 11 72 59 5 95 70 87 66 94 79 67 28 71 13
40 76 34 41 17 34 73 36 23 17 4 76 38 12 82 39 29 22 55 68 87 44 95 87 3 3 74 65 46 54 100 85 14 4 10 3 19 51 21 41 33 69 7 29 74 8 88 78 36 10 93 0 48 15 56 42 2 20 90 61 93 53 17 61 59 26 2 68 56 46 70 77 77 49 72 38 83 17 22 76 56 93 52 91 13 4 57 8 9 52 87 13 89 41 55 90 90 82 81 49
33 73 95 22 30 82 88 41 42 77 91 85 3 79 26 64 47 86 73 4 86 75 65 74 68 39 61 11 35 34 26 77 59 76 23 89 65 75 63 15 12 78 87 28 74 39 90 64 13 11 23 48 0 83 95 89 51 54 69 3 24 6 79 28 57 78 91 70 5 18 87 53 3 36 7 2 3 36 38 54 67 45 15 38 36 29 21 1 56 79 76 41 73 67 78 72 17 91 67 25
71 76 35 74 31 64 25 34 56 37 63 67 33 83 64 24 35 46 78 2 5 32 92 30 32 58 40 7 15 53 46 83 69 70 28 80 80 75 48 62 55 30 13 58 38 28 20 66 7 94 46 15 83 0 47 36 100 15 51 56 6 98 37 75 22 81 86 3 36 28 53 81 73 97 57 97 93 83 41 73 64 3 17 76 20 49 12 93 90 98 85 21 87 16 95 24 33 92 37 20
85 43 9 71 34 25 89 23 1 54 96 84 90 54 88 11 2 82 92 58 37 73 100 55 30 61 30 39 57 100 7 84 79 17 15 80 40 77 51 50 29 57 77 90 14 25 26 94 45 50 28 56 95 47 0 19 34 64 88 4 81 56 74 96 52 51 16 80 16 60 65 78 28 8 58 53 86 39 65 66 23 100 49 33 12 34 24 80 6 52 55 91 13 25 62 86 54 27 82 84
36 25 17 20 49 67 3 21 18 68 84 90 21 18 99 67 4 56 51 55 53 37 40 25 83 41 24 61 71 7 86 30 37 89 28 63 87 10 46 61 40 91 31 79 25 61 78 39 51 80 86 42 89 36 19 0 80 80 40 92 28 46 38 92 82 12 26 14 26 31 71 88 100 88 37 60 22 91 16 100 15 16 11 14 28 88 60 12 41 15 55 38 61 11 35 63 90 93 15 58
52 83 62 13 28 81 58 43 56 48 85 39 59 12 34 47 17 75 70 58 8 26 20 18 93 89 84 86 79 6 9 30 77 31 83 66 5 51 94 19 16 23 43 35 31 2 76 84 1 93 87 2 51 100 34 80 0 53 56 59 42 62 49 3 10 42 2 65 91 77 28 29 18 29 26 100 69 27 75 51 71 32 74 78 6 78 38 49 5 14 99 81 48 75 87 55 100 78 74 54
87 94 73 71 80 35 94 40 57 76 34 11 42 26 66 69 86 1 6 38 4 7 63 29 32 15 61 22 73 20 76 92 41 56 100 67 24 35 47 36 30 12 80 74 92 32 66 7 24 9 25 20 54 15 64 80 53 0 38 49 85 19 43 87 59 48 26 16 87 42 10 14 8 79 48 68 93 74 32 25 75 89 11 20 38 9 97 89 46 49 69 34 96 80 86 74 99 11 50 28
71 23 28 67 12 62 31 54 18 21 12 22 81 36 98 100 85 49 99 43 20 84 35 10 59 52 44 32 13 73 92 91 36 94 83 62 32 33 59 31 65 82 26 85 72 55 36 73 62 39 64 90 69 51 88 40 56 38 0 88 90 78 33 82 21 98 82 39 76 34 36 73 85 21 91 31 5 90 72 27 5 76 32 98 98 31 54 41 39 14 75 90 5 78 69 35 91 19 75 11
47 60 86 27 6 6 28 28 34 93 54 27 9 74 7 8 72 99 19 52 16 42 69 5 77 88 46 79 72 45 20 19 56 3 92 55 91 49 15 17 22 76 4 78 15 50 7 33 78 20 5 61 3 56 4 92 59 49 88 0 39 5 1 42 26 38 76 40 12 9 8 34 49 24 85 7 97 71 7 90 96 14 37 62 82 33 10 87 86 32 24 36 5 9 12 40 29 51 82 34
60 19 9 10 65 98 24 95 53 21 66 16 65 12 39 97 99 12 86 91 19 24 57 79 4 60 18 9 78 78 36 2 70 46 40 34 98 17 35 63 24 35 44 77 12 100 58 5 14 50 87 93 24 6 81 28 42 85 90 39 0 71 94 69 1 45 34 18 12 50 87 91 92 66 83 49 31 22 85 80 91 44 19 66 40 19 78 48 9 100 1 2 43 90 98 13 59 87 86 73
62 21 16 58 95 60 79 23 26 71 16 41 31 100 36 34 26 62 70 28 87 76 60 60 60 41 96 87 39 14 62 3 58 82 24 23 80 94 99 83 89 97 86 85 10 31 12 14 95 53 53 53 6 98 56 46 62 19 78 5 71 0 2 85 4 89 37 30 21 92 3 92 46 28 39 71 52 55 62 94 4 72 2 99 78 99 7 51 97 69 15 62 45 62 92 7 16 69 73 8
52 23 16 7 22 22 84 86 60 55 5 86 15 12 49 86 3 27 94 91 46 16 36 34 44 81 38 81 52 41 73 88 60 68 96 1 56 52 89 40 58 84 77 94 54 99 97 42 22 14 90 17 79 37 74 38 49 43 33 1 94 2 0 43 20 68 87 40 93 86 20 59 31 3 39 69 87 33 24 78 40 41 71 32 37 81 77 38 20 17 97 78 42 54 93 75 65 43 13 35
25 83 64 65 28 64 48 48 22 85 79 71 5 28 19 25 76 12 72 61 98 62 19 45 72 45 83 76 42 32 44 72 17 55 99 16 56 28 24 82 70 20 6 15 69 10 95 34 25 39 68 61 28 75 96 92 3 87 82 42 69 85 43 0 50 96 2 43 8 74 14 88 18 23 20 46 77 85 98 96 11 85 40 38 52 13 56 48 9 73 77 95 49 80 17 99 17 9 49 51
2 93 17 58 64 31 78 84 13 92 37 98 79 35 16 80 32 32 36 4 35 7 89 57 91 85 73 99 6 83 78 80 67 43 72 84 63 68 84 37 64 68 91 52 38 55 55 24 50 21 80 59 57 22 52 82 10 59 21 26 1 4 20 50 0 7 81 57 65 60 27 98 67 4 34 48 25 22 50 66 26 32 85 58 8 95 77 58 7 18 85 43 95 95 52 96 50 15 41 52
50 83 73 28 18 1 79 80 5 12 69 42 28 96 71 95 23 59 97 69 77 23 91 85 56 69 25 48 61 73 54 89 50 37 63 28 32 29 18 16 14 49 32 52 4 60 94 5 88 51 16 26 78 81 51 12 42 48 98 38 45 89 68 96 7 0 61 6 86 48 20 4 39 9 97 5 22 43 42 51 91 86 73 83 85 43 60 58 86 60 2 65 98 77 37 52 35 60 57 1
59 43 92 62 98 17 24 53 46 51 11 65 76 34 63 68 100 53 26 80 14 86 25 84 88 3 41 8 97 65 47 94 66 29 29 26 53 29 4 79 62 83 20 56 23 32 41 13 58 30 2 2 91 86 16 26 2 26 82 76 34 37 87 2 81 61 0 10 98 31 48 12 57 76 3 48 93 92 81 10 48 36 71 16 38 95 39 100 7 62 88 83 73 62 37 12 41 34 17 12
91 40 58 12 76 21 93 28 71 4 28 12 45 44 51 75 31 37 59 33 13 37 29 23 75 85 56 19 89 73 9 7 3 42 71 88 81 50 25 23 23 70 14 99 59 18 22 92 37 20 10 68 70 3 80 14 65 16 39 40 18 30 40 43 57 6 10 0 54 88 35 69 70 96 9 93 65 9 34 8 4 92 34 82 35 89 64 44 25 100 78 1 18 6 17 78 31 67 2 56
71 46 51 89 24 85 71 16 28 42 63 51 18 32 3 1 32 49 42 35 84 11 14 19 24 75 53 26 6 27 33 66 63 38 48 96 40 72 95 20 70 26 30 84 5 22 98 80 35 26 72 56 5 36 16 26 91 87 76 12 12 21 93 8 65 86 98 54 0 39 57 49 95 84 85 68 62 97 81 2 76 27 65 97 25 91 23 26 94 82 38 100 24 12 77 38 89 27 57 77
44 29 14 11 33 90 66 71 98 84 17 58 70 98 63 79 70 100 30 52 70 45 43 58 100 1 93 38 64 35 19 51 96 85 35 39 76 23 86 2 68 90 14 39 23 43 63 7 11 67 97 46 18 28 60 31 77 42 34 9 50 92 86 74 60 48 31 88 39 0 84 96 79 38 44 34 85 46 42 6 99 54 55 95 68 71 50 75 19 47 13 2 90 65 64 98 96 77 29 11
12 71 79 93 8 77 50 1 13 68 40 9 28 86 82 82 99 47 58 4 20 88 40 51 87 78 32 65 92 39 9 7 9 13 80 85 18 8 53 58 95 24 45 13 1 67 49 21 72 39 70 70 87 53 65 71 28 10 36 8 87 3 20 14 27 20 48 35 57 84 0 46 16 8 95 96 42 88 9 62 75 27 63 12 21 87 87 91 100 59 25 2 50 86 92 6 31 56 88 40
44 93 10 14 58 33 18 83 86 60 100 5 97 84 31 90 60 75 43 58 46 22 41 37 57 20 16 61 47 94 83 2 38 73 20 98 11 18 37 48 85 95 55 26 75 92 40 75 19 68 66 77 53 81 78 88 29 14 73 34 91 92 59 88 98 4 12 69 49 96 46 0 14 27 29 95 18 37 66 50 6 36 76 61 33 53 33 8 19 30 19 68 64 30 84 28 87 49 27 96
36 29 39 57 52 63 15 48 66 80 48 42 59 94 19 60 16 56 21 40 3 34 60 65 48 9 8 34 21 42 23 20 99 75 72 41 76 66 98 48 60 91 50 77 58 81 23 9 48 29 88 77 3 73 28 100 18 8 85 49 92 46 31 18 67 39 57 70 95 79 16 14 0 27 42 25 82 78 79 56 57 27 73 28 48 80 89 78 14 67 76 7 44 41 11 70 70 75 66 15
59 15 30 74 64 100 30 84 3 84 94 96 46 78 1 7 51 23 77 16 13 67 48 94 82 39 53 49 9 74 1 16 10 70 16 97 48 34 34 79 48 71 18 59 2 93 27 20 60 82 42 49 36 97 8 88 29 79 21 24 66 28 3 23 4 9 76 96 84 38 8 27 27 0 30 65 76 42 22 87 85 30 27 19 37 52 27 45 86 86 52 100 80 21 96 6 62 53 58 29
32 65 19 61 45 3 74 55 91 100 65 17 99 33 95 63 90 80 84 40 99 13 7 71 32 35 46 32 92 39 76 19 53 26 13 22 51 83 38 62 99 77 10 3 77 56 12 97 48 76 85 72 7 57 58 37 26 48 91 85 83 39 39 20 34 97 3 9 85 44 95 29 42 30 0 55 93 39 54 53 16 48 7 3 60 49 23 15 9 50 5 52 24 85 95 76 67 50 99 60
62 63 45 16 75 85 76 54 51 92 30 77 33 80 98 55 41 13 48 42 65 82 8 35 91 10 2 15 10 3 44 2 24 69 44 1 67 46 77 59 13 63 73 80 30 42 22 40 21 66 64 38 2 97 53 60 100 68 31 7 49 71 69 46 48 5 48 93 68 34 96 95 25 65 55 0 42 1 73 87 99 62 23 57 11 82 39 37 37 74 22 12 53 73 74 70 43 16 48 24
11 85 31 1 84 17 85 43 9 2 87 38 62 64 26 50 50 15 31 23 37 67 18 11 93 37 85 85 2 52 45 54 62 32 7 2 61 14 52 59 94 44 99 14 33 40 75 8 95 27 68 83 3 93 86 22 69 93 5 97 31 52 87 77 25 22 93 65 62 85 42 18 82 76 93 42 0 18 76 75 85 69 38 63 68 56 63 82 63 84 43 67 56 82 47 45 76 63 18 45
20 35 26 37 4 7 58 51 71 31 11 4 51 78 9 83 91 87 23 99 28 16 43 33 87 62 6 5 69 22 20 28 94 70 76 69 3 33 63 18 32 40 100 11 76 35 73 48 62 74 97 17 36 83 39 91 27 74 90 71 22 55 33 85 22 43 92 9 97 46 88 37 78 42 39 1 18 0 95 98 18 1 71 16 100 34 35 82 56 74 33 83 60 94 27 41 97 21 36 37
78 74 90 22 9 29 59 1 64 16 44 63 94 16 59 43 23 62 12 90 25 22 15 98 60 91 21 71 4 29 25 52 43 7 68 28 39 92 93 59 92 69 92 32 87 45 59 29 50 60 86 22 38 41 65 16 75 32 72 7 85 62 24 98 50 42 81 34 81 42 9 66 79 22 54 73 76 95 0 52 10 43 42 10 54 42 62 35 88 32 23 43 93 23 9 99 13 7 57 21
90 57 34 33 45 100 21 80 93 59 60 16 13 79 32 61 65 50 63 13 27 43 82 90 18 24 94 3 56 37 54 27 77 51 47 9 74 17 23 28 34 91 10 20 15 59 97 87 75 64 23 76 54 73 66 100 51 25 27 90 80 94 78 96 66 51 10 8 2 6 62 50 56 87 53 87 75 98 52 0 37 36 6 90 48 33 36 83 49 19 38 28 87 70 60 8 99 71 87 65
37 53 94 77 32 17 89 63 22 21 82 10 50 50 98 31 83 18 48 94 6 88 28 2 6 35 79 24 42 3 87 87 82 37 7 32 98 36 7 46 42 54 68 28 4 62 65 28 89 2 97 56 67 64 23 15 71 75 5 96 91 4 40 11 26 91 48 4 76 99 75 6 57 85 16 99 85 18 10 37 0 44 76 93 25 11 50 72 83 89 80 11 6 29 73 16 40 55 60 100
83 26 39 26 97 30 16 11 75 28 63 28 85 82 51 23 61 23 19 3 100 16 15 81 41 25 94 64 43 46 55 39 24 7 35 60 31 7 60 80 87 68 99 75 61 50 96 22 47 33 47 93 45 3 100 16 32 89 76 14 44 72 41 85 32 86 36 92 27 54 27 36 27 30 48 62 69 1 43 36 44 0 93 75 48 51 35 82 60 8 50 18 68 58 5 51 2 60 83 29
55 86 4 31 54 1 8 77 14 65 20 15 41 85 52 91 50 11 42 98 82 90 99 54 55 4 96 26 66 53 26 1 70 91 48 12 39 75 52 15 81 49 1 98 89 15 40 68 50 68 16 52 15 17 49 11 74 11 32 37 19 2 71 40 85 73 71 34 65 55 63 76 73 27 7 23 38 71 42 6 76 93 0 59 75 50 39 51 9 95 7 24 26 98 19 91 5 67 11 4
79 51 53 17 44 78 73 9 13 90 19 53 9 66 97 63 16 3 45 84 54 30 35 53 23 72 33 8 29 3 63 85 30 56 73 66 31 89 13 97 73 33 30 65 25 64 32 50 26 57 39 91 38 76 33 14 78 20 98 62 66 99 32 38 58 83 16 82 97 95 12 61 28 19 3 57 63 16 10 90 93 75 59 0 40 9 9 17 47 55 66 78 13 70 73 20 56 79 95 21
27 54 90 45 33 2 82 78 72 24 31 68 56 75 39 88 65 93 54 54 2 35 60 92 90 26 90 30 83 54 52 89 92 85 99 2 91 24 30 38 66 72 74 69 21 14 74 45 77 43 1 13 36 20 12 28 6 38 98 82 40 78 37 52 8 85 38 35 25 68 21 33 48 37 60 11 68 100 54 48 25 48 75 40 0 90 47 78 2 95 69 34 55 92 47 24 10 44 61 68
21 20 87 51 9 33 3 5 75 8 8 4 39 29 49 64 34 59 12 39 12 28 24 100 43 53 12 32 89 9 86 45 86 69 83 20 80 73 6 53 72 12 32 96 85 42 16 23 50 57 80 4 29 49 34 88 78 9 31 33 19 99 81 13 95 43 95 89 91 71 87 53 80 52 49 82 56 34 42 33 11 51 50 9 90 0 20 14 33 46 31 52 93 94 100 91 3 44 41 2
75 93 87 7 53 3 79 34 47 9 54 48 46 33 38 22 55 83 51 64 2 13 82 64 23 33 32 15 34 77 47 95 22 46 82 80 61 97 26 2 73 26 87 94 47 96 2 1 73 99 11 57 21 12 24 60 38 97 54 10 78 7 77 56 77 60 39 64 23 50 87 33 89 27 23 39 63 35 62 36 50 35 39 9 47 20 0 52 97 32 69 35 79 18 48 50 56 90 23 33
100 63 4 28 7 21 23 99 61 86 61 70 75 79 18 91 30 99 62 6 93 40 63 30 20 72 55 15 64 93 85 24 80 69 11 43 28 45 3 32 75 66 91 31 76 37 55 84 80 93 72 8 1 93 80 12 49 89 41 87 48 51 38 48 58 58 100 44 26 75 91 8 78 45 15 37 82 82 35 83 72 82 51 17 78 14 52 0 27 76 70 87 14 70 88 82 36 98 20 9
88 53 90 2 7 99 35 57 83 27 97 68 48 71 28 82 21 26 65 14 29 17 35 39 70 75 50 31 43 35 100 18 40 66 83 25 18 85 76 38 89 60 39 40 47 79 89 31 47 40 59 9 56 90 6 41 5 46 39 86 9 97 20 9 7 86 7 25 94 19 100 19 14 86 9 37 63 56 88 49 83 60 9 47 2 33 97 27 0 59 27 14 87 84 22 1 7 35 28 36
72 71 70 23 33 64 84 19 75 64 23 72 82 22 45 25 32 86 93 32 68 36 8 66 67 56 38 21 95 59 56 82 74 82 91 62 75 37 9 11 84 36 13 25 44 84 66 83 81 13 5 52 79 98 52 15 14 49 14 32 100 69 17 73 18 60 62 100 82 47 59 30 67 86 50 74 84 74 32 19 89 8 95 55 95 46 32 76 59 0 27 76 85 51 36 11 37 90 32 57
31 32 78 94 26 41 4 82 32 12 28 36 69 43 8 20 33 61 21 60 8 70 69 73 25 85 48 61 65 23 75 16 46 48 3 73 83 84 68 58 63 46 54 32 46 82 51 12 83 98 95 87 76 85 55 55 99 69 75 24 1 15 97 77 85 2 88 78 38 13 25 19 76 52 5 22 43 33 23 38 80 50 7 66 69 31 69 70 27 27 0 90 97 31 37 97 17 86 99 84
56 38 90 76 85 2 69 29 18 18 60 99 4 25 95 54 92 58 74 57 57 6 30 62 70 15 19 35 58 80 91 78 79 52 18 35 22 96 70 47 27 59 97 20 48 51 86 99 42 22 70 13 41 21 91 38 81 34 90 36 2 62 78 95 43 65 83 1 100 2 2 68 7 100 52 12 67 83 43 28 11 18 24 78 34 52 35 87 14 76 90 0 27 49 15 64 2 87 40 34
69 66 23 47 28 1 70 81 48 72 54 40 74 30 93 79 83 94 72 19 45 33 47 44 55 52 79 50 91 43 77 45 73 7 41 50 8 45 41 47 85 1 19 28 36 79 100 47 58 56 87 89 73 87 13 61 48 96 5 5 43 45 42 49 95 98 73 18 24 90 50 64 44 80 24 53 56 60 93 87 6 68 26 13 55 93 79 14 87 85 97 27 0 46 52 40 88 55 62 82
48 59 61 13 33 89 49 63 69 32 59 12 87 73 8 96 37 66 51 76 31 99 86 35 34 66 96 85 58 49 3 57 20 65 26 64 68 12 64 35 10 39 33 90 29 8 4 77 8 19 66 41 67 16 25 11 75 80 78 9 90 62 54 80 95 77 62 6 12 65 86 30 41 21 85 73 82 94 23 70 29 58 98 70 92 94 18 70 84 51 31 49 46 0 96 19 21 82 23 85
9 53 52 34 46 44 70 4 28 74 25 85 61 84 67 85 57 57 63 10 25 2 91 100 31 52 10 52 66 100 33 99 4 50 43 61 57 52 48 13 11 49 34 75 12 20 97 95 60 75 94 55 78 95 62 35 87 86 69 12 98 92 93 17 52 37 37 17 77 64 92 84 11 96 95 74 47 27 9 60 73 5 19 73 47 100 48 88 22 36 37 15 52 96 0 33 70 30 39 33
75 67 8 84 83 18 46 48 72 18 66 13 62 64 95 82 69 19 40 58 46 96 86 41 85 35 97 19 75 40 94 31 88 56 89 62 85 38 61 45 21 71 99 6 92 62 29 68 44 59 79 90 72 24 86 63 55 74 35 40 13 7 75 99 96 52 12 78 38 98 6 28 70 6 76 70 45 41 99 8 16 51 91 20 24 91 50 82 1 11 97 64 40 19 33 0 8 1 37 70
23 25 54 16 85 60 84 71 89 21 77 5 8 49 96 33 1 85 8 42 62 92 85 65 62 71 99 10 45 23 6 96 86 58 1 67 56 32 63 82 7 10 59 64 16 92 22 6 90 7 67 90 17 33 54 90 100 99 91 29 59 16 65 17 50 35 41 31 89 96 31 87 70 62 67 43 76 97 13 99 40 2 5 56 10 3 56 36 7 37 17 2 88 21 70 8 0 18 12 11
68 85 70 78 54 35 99 26 58 29 14 43 54 67 33 91 82 20 48 36 46 62 54 64 42 65 95 71 74 43 84 21 77 96 9 44 43 20 42 43 30 56 26 93 81 12 100 94 75 49 28 82 91 92 27 93 78 11 19 51 87 69 43 9 15 60 34 67 27 77 56 49 75 53 50 16 63 21 7 71 55 60 67 79 44 44 90 98 35 90 86 87 55 82 30 1 18 0 14 80
14 38 34 93 78 1 53 55 42 49 87 46 58 11 13 62 63 54 55 61 10 71 50 45 35 13 98 67 76 96 2 15 66 76 7 51 10 14 89 46 73 23 40 21 44 61 14 1 80 5 71 81 67 37 82 15 74 50 75 82 86 73 13 49 41 57 17 2 57 29 88 27 66 58 99 48 18 36 57 87 60 83 11 95 61 41 23 20 28 32 99 40 62 23 39 37 12 14 0 80
9 71 98 17 32 26 59 92 59 60 26 37 94 24 43 9 34 67 99 8 27 15 28 29 35 66 6 36 87 14 23 89 95 65 23 77 84 71 32 97 60 24 26 23 62 48 69 18 56 37 13 49 25 20 84 58 54 28 11 34 73 8 35 51 52 1 12 56 77 11 40 96 15 29 60 24 45 37 21 65 100 29 4 21 68 2 33 9 36 57 84 34 82 85 33 70 11 80 80 0

582 695
982 138
851 261
978 737
275 524
551 356
642 822
112 276
938 858
600 290
838 903
445 213
330 229
125 258
196 845
276 580
999 650
289 244
105 251
933 678
809 997
279 338
558 249
464 178
251 783
863 160
675 552
994 530
129 459
377 147
262 957
278 986
295 833
639 600
466 765
548 276
936 650
971 551
663 535
743 601
232 584
759 943
111 467
295 858
740 996
951 273
996 492
133 595
791 525
289 701
662 279
658 462
528 810
883 830
620 268
500 579
269 471
521 557
176 720
852 674
903 440
431 323
881 137
352 568
159 353
143 763
454 855
891 478
468 727
578 557
439 434
339 1000
870 188
812 667
834 422
558 775
115 665
185 551
458 140
164 989
424 467
531 523
981 597
635 410
188 539
489 566
305 724
677 208
608 461
609 345
239 166
874 928
738 336
961 596
333 863
490 279
764 558
935 982
445 955
417 170

812 859
